EC034_NZ_JAERJB010000001.1
1 677
1244 4158
5202 11805
12642 13936
14712 21602
22115 23973
24528 30210
30978 31454
32077 35174
35777 40001
40644 42585
43206 61253
62098 67083
67647 68350
68973 72532
73306 76510
77894 79712
80532 85212
85742 87326
87930 88165
88868 89057
90673 93487
94134 94908
95964 96193
96698 97158
97810 100242
100832 106643
107224 113584
115677 115844
116358 119646
120660 126152
126862 127971
128586 133311
133853 135701
137476 141757
142168 142696
143250 145631
146663 158495
159277 162948
163569 169576
170138 181032
181742 182397
183490 185687
186599 187510
188154 189713
190531 192369
EC034_NZ_JAERJB010000006.1
1 553
1221 3827
4443 4960
5688 7101
7797 8089
8645 9358
10753 15998
16657 19917
20765 22171
23066 25129
25664 29424
30536 34139
35081 35312
36186 37124
38699 53149
53996 54565
55052 55222
56009 56068
56817 58653
59240 59943
61191 61447
62134 63397
64009 64738
66954 68196
68970 69150
69775 71748
72813 78769
79274 81291
82123 84729
86189 91072
91599 95605
96252 99955
100708 105117
105758 107088
107800 111454
EC034_NZ_JAERJB010000007.1
1 944
1609 5898
7170 8331
9053 10607
12187 16206
16831 18576
19195 24381
25096 29963
31084 32274
33013 33436
34519 37235
37781 43860
44417 45337
46298 48493
49135 50153
50758 53597
54207 58637
58738 58809
59320 65785
66718 69074
69707 74769
75398 84811
85460 85712
86793 89202
91298 97175
97856 98543
99139 101621
102841 104810
106466 107366
108008 109117
109691 110164
EC034_NZ_JAERJB010000008.1
1 326
1147 2159
2838 4707
5428 6855
7754 11246
12827 18851
20503 24794
25393 27972
28529 29276
29979 30175
31386 34402
35452 49479
50000 51421
52459 54037
55705 62562
63543 64294
66160 68798
69841 71958
72869 72994
73325 75996
77306 77516
78877 79077
80289 82704
83799 85720
86244 86756
88057 92928
94152 95396
95962 98683
100298 100588
101208 101693
EC034_NZ_JAERJB010000009.1
1 1771
2496 2759
3802 12609
13351 15475
16004 17336
18211 21589
22471 25400
26126 30051
30639 31945
32736 41519
42127 50717
51864 55941
56442 64091
64731 66836
67356 67474
68211 80317
80967 87687
87781 91323
91869 94994
95573 99903
EC034_NZ_JAERJB010000010.1
1 4370
5287 6090
7060 23348
24404 29672
30607 32528
33075 34213
37077 45176
46114 52796
53896 56698
57258 58417
59213 59646
60357 61171
62296 63986
64882 66910
67608 70008
71252 71318
72472 74678
75255 75917
76691 77374
78012 87206
EC034_NZ_JAERJB010000002.1
322 911
2173 3419
4444 8673
9908 12294
12918 13046
13746 16140
17122 19568
21333 27354
28629 28850
29433 33917
35276 36992
38020 38671
40345 43790
44478 48802
49315 50522
51131 54709
55663 59613
60290 60456
61190 61715
62561 68470
69151 70515
71815 72979
73767 74523
75232 79739
80477 81801
82417 83236
84168 86139
86951 87525
89239 90488
92820 93384
94267 95072
95788 100496
101694 102199
102704 104817
105471 107946
109287 110455
111298 113595
114228 114518
115054 119976
120490 120777
121295 121877
122701 123683
124217 124412
125042 126895
127401 129044
129862 130668
131172 132248
133122 133194
133851 134000
135385 135868
136490 138613
139720 140178
140956 141736
142708 144811
EC034_NZ_JAERJB010000011.1
1 795
1636 2258
3084 7154
8281 9074
10096 14220
14743 53284
54131 54841
55517 58957
61983 63344
64370 74436
75050 77021
78259 83662
84415 84591
EC034_NZ_JAERJB010000012.1
1 142
806 1109
2096 9392
10682 11879
12725 15421
16161 18477
18995 29067
29792 31012
31716 32773
33367 34593
35159 38132
40160 40426
40953 41025
41796 44089
44835 47349
48222 48927
49530 50136
51570 59937
60450 66996
67985 71219
73068 74685
75374 75764
78709 79373
79879 82258
82813 83062
EC034_NZ_JAERJB010000013.1
1 260
1434 6263
7254 10464
11277 13987
16201 22136
22680 23344
23955 25032
25811 26060
27706 29103
29702 36175
36997 38359
39085 39808
40411 41087
42838 45427
47425 49467
50543 51663
52520 53466
54337 55857
56675 59152
60139 65632
66338 66757
67655 68076
69784 70914
72327 75743
76252 78184
79904 81968
EC034_NZ_JAERJB010000014.1
1 3694
5261 6258
6889 14591
16082 17783
18560 24238
24739 27026
27669 33299
34375 40224
41859 45774
47503 48715
49396 49840
51120 51384
52195 52603
53432 56012
56582 57094
57872 58070
58382 62939
63499 64089
64788 65199
65995 66427
66961 70117
72672 74244
EC034_NZ_JAERJB010000015.1
1 624
1225 3108
3642 3785
5251 7249
7909 8357
10380 11658
12487 16335
17515 20891
22171 23910
24480 25033
25644 26330
27024 37607
39150 43652
44243 51277
52386 52604
55779 56560
57961 63654
64296 66315
EC034_NZ_JAERJB010000016.1
1 8099
9277 9991
10499 10841
11952 12374
13028 13944
15455 15826
16854 17696
18233 27860
28721 29046
30647 30828
31426 32877
33635 35478
36619 37902
41135 41374
42143 43013
45491 47505
49277 52191
52897 54271
EC034_NZ_JAERJB010000017.1
1 195
1001 1431
2067 2320
3593 5722
6237 7314
7845 10442
11267 12615
13506 14770
15305 22429
23253 34329
35034 37296
37851 38064
39354 39672
40556 40754
42018 42930
43779 46279
47058 47851
48890 53369
54140 55550
EC034_NZ_JAERJB010000018.1
1 1453
2117 5728
6386 9922
10500 17697
18395 22181
23122 23258
24213 24534
26949 29745
30775 31698
32759 32907
33432 33952
34745 37644
38273 41642
43160 43373
44695 51086
51885 52627
54160 55207
EC034_NZ_JAERJB010000019.1
1 168
2225 6510
7050 27269
28307 28877
29431 33815
34426 34759
35274 35379
36407 37230
38398 38702
39416 39750
40545 43251
45455 47739
49345 49641
50589 51067
51831 53683
EC034_NZ_JAERJB010000020.1
1 437
1821 3162
3999 7549
8153 8853
11073 13787
15052 15116
15722 16271
16835 17237
17752 21471
21998 50250
EC034_NZ_JAERJB010000003.1
1 1414
2294 12992
14253 16126
17164 18144
20345 20403
21653 22279
22802 23950
25173 25435
27028 28474
28983 29912
31658 37069
37605 38179
39150 40128
41919 45726
48236 48736
49880 50363
51863 55140
56756 57290
58115 59714
60298 69182
69882 70804
71430 71719
72770 76145
76879 76998
80262 81383
81913 89625
90441 94803
95686 96660
97766 99282
100059 103678
104622 108383
109354 117039
117783 118023
118642 119369
120014 122230
122928 125229
125937 127247
128194 128992
129666 130952
131465 133116
133980 134746
EC034_NZ_JAERJB010000021.1
1 5203
5777 5972
6530 10151
11606 12251
15950 19494
21132 22628
23445 26859
27461 45311
45844 47345
EC034_NZ_JAERJB010000022.1
1 990
1872 3230
4316 5217
5724 14907
16651 20263
21504 23188
23720 24507
25022 28886
29509 29696
30516 31854
33255 33910
34478 37102
37673 40554
41754 45173
EC034_NZ_JAERJB010000023.1
1 1234
2614 6548
7359 8127
9835 9913
10875 11342
11892 12260
13018 13435
13945 15348
16086 18673
19805 22032
22758 23082
24359 25834
26603 32430
33306 37438
37769 39970
40548 40677
41612 43987
EC034_NZ_JAERJB010000024.1
1 152
916 7386
7806 8995
9877 11238
12206 12441
13660 14760
15150 15217
15458 26425
27610 28825
29560 35060
EC034_NZ_JAERJB010000025.1
1 250
1988 5060
5598 6189
7299 8889
9910 15907
17531 21135
21639 23786
25266 27042
28256 29519
30117 30950
31616 34839
EC034_NZ_JAERJB010000026.1
1 9643
10714 10844
12013 12536
13418 19752
20867 25347
26032 26495
28402 30443
31125 32410
EC034_NZ_JAERJB010000027.1
1 1267
3104 3305
4065 4677
5434 6088
7026 9951
11263 20171
21858 22590
23384 24111
24684 25194
26732 28156
28744 31765
EC034_NZ_JAERJB010000028.1
1 955
2436 5534
7114 8295
9618 10030
11186 14806
15698 16344
17310 18275
20667 21648
22348 24444
24978 27457
EC034_NZ_JAERJB010000029.1
1 3995
4863 6672
EC034_NZ_JAERJB010000030.1
1 2296
2878 7066
EC034_NZ_JAERJB010000004.1
1 4188
5057 6910
7456 11439
12049 14310
14948 20977
21579 22552
23946 26008
26924 29352
30610 33731
34420 35431
35938 39264
40159 42007
45137 46644
47277 65227
65861 68086
68593 69900
70415 72603
73119 79856
80540 82281
84096 90362
90933 97886
98501 99496
100102 102107
102847 103714
104691 107598
108458 111718
112706 117159
118488 124796
125577 127587
EC034_NZ_JAERJB010000031.1
1 1162
1644 10416
10907 12160
EC034_NZ_JAERJB010000032.1
1 882
1388 2177
4121 4174
4994 6281
6804 8604
EC034_NZ_JAERJB010000033.1
1 1928
2674 4192
5389 7920
8342 9307
9867 10308
10943 11821
12637 14672
EC034_NZ_JAERJB010000034.1
1 1050
1558 3030
4817 8913
9437 17598
18300 19026
20266 22199
EC034_NZ_JAERJB010000035.1
299 1200
2155 4019
5816 7334
9661 10629
EC034_NZ_JAERJB010000036.1
1 1086
2355 9332
10113 10173
10945 11688
13587 13715
14512 14639
15504 16218
EC034_NZ_JAERJB010000037.1
1 7086
7764 8524
EC034_NZ_JAERJB010000038.1
1 3467
4839 7715
9011 10368
11952 12622
EC034_NZ_JAERJB010000039.1
1 1971
2854 5674
7157 8150
8853 12033
EC034_NZ_JAERJB010000040.1
1 6614
EC034_NZ_JAERJB010000005.1
1 10027
11546 12639
13562 16540
17990 19595
21656 22051
22690 23772
24274 26114
27501 29264
30916 34191
34912 36607
37439 37914
38482 39947
41274 50481
51215 51330
52003 55051
55702 56814
57478 68030
68661 68766
70495 80743
81263 87639
88738 88818
89611 92724
93234 93836
94341 95227
95851 99086
99616 99763
100273 101139
102903 102961
103499 104902
105422 109993
110524 111047
111549 112772
113315 118013
118810 120162
120681 125951
EC034_NZ_JAERJB010000041.1
1 8453
10322 11379
EC034_NZ_JAERJB010000042.1
561 1954
2995 3233
4251 7850
EC034_NZ_JAERJB010000043.1
1 7128
EC034_NZ_JAERJB010000044.1
1 6663
EC034_NZ_JAERJB010000045.1
759 5103
EC034_NZ_JAERJB010000046.1
1206 2097
2845 5295
EC034_NZ_JAERJB010000047.1
1 4353
EC034_NZ_JAERJB010000048.1
1 199
1200 1979
EC034_NZ_JAERJB010000049.1
1 1733
EC034_NZ_JAERJB010000050.1
1 1314
EC034_NZ_JAERJB010000051.1
1 1293
