SCC477_NZ_VTDQ01000001.1
1 171504
SCC477_NZ_VTDQ01000006.1
1 102510
SCC477_NZ_VTDQ01000051.1
1 13537
SCC477_NZ_VTDQ01000052.1
1 13533
SCC477_NZ_VTDQ01000053.1
1 13049
SCC477_NZ_VTDQ01000054.1
1 12605
SCC477_NZ_VTDQ01000055.1
1 11683
SCC477_NZ_VTDQ01000056.1
1 11603
SCC477_NZ_VTDQ01000057.1
1 11451
SCC477_NZ_VTDQ01000058.1
1 7231
SCC477_NZ_VTDQ01000059.1
1 8855
SCC477_NZ_VTDQ01000060.1
1 8554
SCC477_NZ_VTDQ01000007.1
1 71188
71855 96483
SCC477_NZ_VTDQ01000061.1
1 7895
SCC477_NZ_VTDQ01000062.1
1 5605
SCC477_NZ_VTDQ01000063.1
1 7533
SCC477_NZ_VTDQ01000064.1
1 578
1643 1992
2884 4274
4512 5026
6205 6289
6839 7190
SCC477_NZ_VTDQ01000065.1
1 573
794 1983
3537 4032
4882 6482
SCC477_NZ_VTDQ01000066.1
1 5742
SCC477_NZ_VTDQ01000067.1
1 5453
SCC477_NZ_VTDQ01000068.1
1 5390
SCC477_NZ_VTDQ01000069.1
1 5169
SCC477_NZ_VTDQ01000070.1
1 4732
SCC477_NZ_VTDQ01000008.1
1 4126
4929 89063
SCC477_NZ_VTDQ01000071.1
1 4685
SCC477_NZ_VTDQ01000072.1
1 4300
SCC477_NZ_VTDQ01000073.1
1 4297
SCC477_NZ_VTDQ01000074.1
1 4268
SCC477_NZ_VTDQ01000075.1
1 4240
SCC477_NZ_VTDQ01000076.1
1 3834
SCC477_NZ_VTDQ01000077.1
1 3640
SCC477_NZ_VTDQ01000078.1
1 3614
SCC477_NZ_VTDQ01000079.1
1 3299
SCC477_NZ_VTDQ01000080.1
1 3082
SCC477_NZ_VTDQ01000081.1
1 2756
SCC477_NZ_VTDQ01000009.1
1 88904
SCC477_NZ_VTDQ01000082.1
1 2717
SCC477_NZ_VTDQ01000083.1
1 2382
SCC477_NZ_VTDQ01000084.1
1 2357
SCC477_NZ_VTDQ01000085.1
1 1951
SCC477_NZ_VTDQ01000086.1
1 1717
SCC477_NZ_VTDQ01000087.1
1 492
1053 1632
SCC477_NZ_VTDQ01000088.1
1 1500
SCC477_NZ_VTDQ01000089.1
1 1237
SCC477_NZ_VTDQ01000090.1
1 1203
SCC477_NZ_VTDQ01000010.1
1 47945
48633 83338
SCC477_NZ_VTDQ01000002.1
1 166356
SCC477_NZ_VTDQ01000011.1
1 80573
SCC477_NZ_VTDQ01000012.1
1 62886
63411 66139
SCC477_NZ_VTDQ01000013.1
1 58998
60330 60625
SCC477_NZ_VTDQ01000014.1
1 59993
SCC477_NZ_VTDQ01000015.1
1 5062
6093 58475
SCC477_NZ_VTDQ01000016.1
1 52865
SCC477_NZ_VTDQ01000017.1
1 51107
SCC477_NZ_VTDQ01000018.1
1 50468
SCC477_NZ_VTDQ01000019.1
1 44361
SCC477_NZ_VTDQ01000020.1
1 41773
SCC477_NZ_VTDQ01000003.1
1 116067
116175 116389
116778 166115
SCC477_NZ_VTDQ01000021.1
1 41113
SCC477_NZ_VTDQ01000022.1
1 40704
SCC477_NZ_VTDQ01000023.1
1 35809
SCC477_NZ_VTDQ01000024.1
1 32547
SCC477_NZ_VTDQ01000025.1
1 2849
3545 30921
31495 32283
SCC477_NZ_VTDQ01000026.1
1 31697
SCC477_NZ_VTDQ01000027.1
1 28222
SCC477_NZ_VTDQ01000028.1
1 27980
SCC477_NZ_VTDQ01000029.1
1 27284
SCC477_NZ_VTDQ01000030.1
1 1983
2694 26991
SCC477_NZ_VTDQ01000004.1
1 30527
31921 108255
108848 163451
SCC477_NZ_VTDQ01000031.1
1 19573
20135 25020
SCC477_NZ_VTDQ01000032.1
1 25000
SCC477_NZ_VTDQ01000033.1
1 24549
SCC477_NZ_VTDQ01000034.1
1 24429
SCC477_NZ_VTDQ01000035.1
1 23585
SCC477_NZ_VTDQ01000036.1
1 22716
SCC477_NZ_VTDQ01000037.1
1 22533
SCC477_NZ_VTDQ01000038.1
1 22235
SCC477_NZ_VTDQ01000039.1
1 21886
SCC477_NZ_VTDQ01000040.1
1 6148
7325 21151
SCC477_NZ_VTDQ01000005.1
1 111084
SCC477_NZ_VTDQ01000041.1
1 21067
SCC477_NZ_VTDQ01000042.1
1 20066
SCC477_NZ_VTDQ01000043.1
1 19586
SCC477_NZ_VTDQ01000044.1
1 10349
SCC477_NZ_VTDQ01000045.1
1 8810
SCC477_NZ_VTDQ01000046.1
1 16782
SCC477_NZ_VTDQ01000047.1
1 16065
SCC477_NZ_VTDQ01000048.1
1 15456
SCC477_NZ_VTDQ01000049.1
1 4600
5245 15226
SCC477_NZ_VTDQ01000050.1
1 14107
