EC031_NZ_JAERJC010000001.1
1 5883
6402 7754
8551 13249
13792 15015
15517 16040
16571 21142
21662 23065
23603 23661
25425 26291
26801 26948
27478 30713
31337 32223
32728 33330
33840 36953
37746 37826
38925 45301
45821 56069
57798 57903
58534 69086
69750 70862
71513 74561
75234 75349
76083 85290
86617 88082
88650 89125
89957 91652
92373 95648
97300 99063
100450 102290
102792 103874
104513 104908
106969 108574
110024 113002
113925 115018
116537 137165
137803 138486
139260 139922
140499 142705
143859 143925
145169 147569
148267 150295
151191 152881
154006 154820
155531 155964
156760 157919
158479 161281
162381 169063
170001 178100
180964 182102
182649 184570
185505 190773
191829 208117
209087 209890
210807 216409
217361 218516
219241 219504
220547 229354
230096 232220
232749 234081
234956 238334
239216 242145
242871 246796
247384 248690
249481 258264
258872 267462
268609 272686
273187 280836
281476 283581
284101 284219
284956 297062
297712 304432
304526 308068
308614 311739
312318 316648
EC031_NZ_JAERJC010000006.1
1 155
2169 3527
4613 5514
6021 15204
16948 20560
21801 23485
24017 24804
25319 29183
29806 29993
30813 32151
33552 34207
34775 37399
37970 40851
42051 44582
45812 47498
48072 49181
49823 50723
52379 54348
55568 58050
58646 59333
60014 65891
67987 70396
71477 71729
72378 81791
82420 87482
88115 90471
91404 97869
98380 98451
98552 102982
103592 106431
107036 108054
108696 110891
111852 112772
113329 119408
119954 122670
123753 124176
124915 126105
127226 132093
132808 137994
138613 140358
140983 145002
146582 148136
148858 150019
151291 155580
156245 157188
EC031_NZ_JAERJC010000007.1
1 1406
2286 12984
14245 16118
17156 18136
20337 20395
21645 22271
22794 23942
25165 25427
27020 28466
28975 29904
31650 37061
37597 38171
39142 40120
41911 45718
48228 48728
49872 50355
51855 55132
56748 57282
58107 59706
60290 69174
69874 70796
71422 71711
72762 76137
76871 76990
80254 81375
81905 89617
90433 94795
95678 96652
97758 99274
100051 103670
104614 108375
109346 117031
117775 118015
118634 119361
120006 122222
122920 125221
125929 127239
128186 128984
129658 130944
131457 133108
133972 134738
EC031_NZ_JAERJC010000008.1
1 870
1739 3592
4138 8121
8731 10992
11630 17659
18261 19234
20628 22690
23606 26034
27292 30413
31102 32113
32620 35946
36841 38689
41819 43326
43959 61909
62543 64768
65275 66582
67097 69285
69801 76538
77222 78963
80778 87044
87615 94568
95183 96178
96784 98789
99529 100396
101373 104280
105140 108400
109388 113841
115170 121478
122259 124269
EC031_NZ_JAERJC010000009.1
1 1195
2038 3206
4547 7022
7676 9789
10294 10799
11997 16705
17421 18226
19109 19673
22005 23254
24968 25542
26354 28325
29257 30076
30692 32016
32754 37261
37970 38726
39514 40678
41978 43342
44023 49932
50778 51303
52037 52203
52880 56830
57784 61362
61971 63178
63691 68015
68703 72148
73822 74473
75501 77217
78576 83060
83643 83864
85139 91160
92925 95371
96353 98747
99447 99575
100199 102585
103820 108049
109074 110320
111582 112171
EC031_NZ_JAERJC010000010.1
1 3655
4367 5697
6338 10747
11500 15203
15850 19856
20383 25266
26726 29332
30164 32181
32686 38642
39707 41680
42305 42485
43259 44501
46717 47446
48058 49321
50008 50264
51512 52215
52802 54638
55387 55446
56233 56403
56890 57459
58306 72756
74331 75269
76143 76374
77316 80919
82031 85791
86326 88389
89284 90690
91538 94798
95457 100702
102097 102810
103366 103658
104354 105767
106495 107012
107628 110234
110902 112220
EC031_NZ_JAERJC010000002.1
1 929
1916 9212
10502 11699
12545 15241
15981 18297
18815 28887
29612 30832
31536 32593
33187 34413
34979 37952
39980 40246
40773 40845
41616 43909
44655 47169
48042 48747
49350 49956
51390 59757
60270 66816
67805 71039
72888 74505
75194 75584
78529 79193
79699 82078
82633 84689
85567 87387
88151 88629
89577 89873
91479 93763
95967 98673
99468 99802
100516 100820
101988 102811
103839 103944
104459 104792
105403 109787
110341 110911
111949 132168
132708 136993
139050 140565
141949 143290
144127 147677
148281 148981
151201 153915
155180 155244
155850 156399
156963 157365
157880 161599
162126 193257
194637 198571
199382 200150
201858 201936
202898 203365
203915 204283
205041 205458
205968 207371
208109 210696
211828 214055
214781 215105
216382 217857
218626 224453
225329 229461
229792 231993
232571 232700
233635 238585
EC031_NZ_JAERJC010000011.1
1 895
2764 11119
11664 11781
12350 16259
17826 18823
19454 27156
28647 30348
31125 36809
37310 39597
40240 45870
46946 52795
54430 58345
60074 61286
61967 62411
63691 63955
64766 65174
66003 68583
69153 69665
70443 70641
70953 75510
76070 76660
77359 77770
78566 78998
79532 82688
85243 86815
EC031_NZ_JAERJC010000012.1
1 6122
7360 9331
9945 20011
21037 22398
25424 28864
29540 30250
31097 69638
70161 74285
75307 76100
77227 81297
82123 82745
83586 84802
EC031_NZ_JAERJC010000013.1
1 8099
9277 9991
10499 10841
11952 12374
13028 13944
15455 15826
16854 17696
18233 27860
28721 29046
30647 30828
31426 32877
33635 35478
36619 37902
41135 41374
42143 43013
45491 47505
49277 52191
52897 54271
56395 58013
EC031_NZ_JAERJC010000014.1
1 1453
2117 5728
6386 9922
10500 17697
18395 22181
23122 23258
24213 24534
26949 29745
30775 31698
32759 32907
33432 33952
34745 37644
38273 41642
43160 43373
44695 51086
51885 52627
EC031_NZ_JAERJC010000015.1
1 1411
2182 6661
7700 8493
9272 11772
12621 13533
14797 14995
15879 16197
17487 17700
18255 20517
21222 32298
33122 40246
40781 42045
42936 44284
45109 47706
48237 49314
49829 51958
53231 53484
54120 54550
55356 55550
EC031_NZ_JAERJC010000016.1
1 882
1388 2177
4121 4174
4994 6281
6804 8604
EC031_NZ_JAERJC010000017.1
1 1928
2674 4192
5389 7920
8342 9307
9867 10308
10943 11821
12637 14059
14755 15231
15972 20006
EC031_NZ_JAERJC010000018.1
1 3467
4839 7715
9011 10368
11952 12651
EC031_NZ_JAERJC010000019.1
1 152
916 7386
7806 8995
9877 11238
12206 12441
13660 14760
15150 15217
15458 26425
27610 28825
29560 34877
EC031_NZ_JAERJC010000020.1
1 2104
3076 3856
4634 5092
6199 8322
8944 9427
10812 10961
11618 11690
12564 13640
14144 14950
15768 17411
17917 19770
20400 20595
21129 22111
22935 23517
24035 24322
24836 29758
30294 30731
EC031_NZ_JAERJC010000003.1
1 1839
2657 4216
4860 5771
6683 8880
9973 10628
11338 22232
22794 28801
29422 33093
33875 45707
46739 49120
49674 50202
50613 54894
56669 58517
59059 63784
64399 65508
66218 71710
72724 76012
76526 76693
78786 85146
85727 91538
92128 94560
95212 95672
96177 96406
97462 98236
98883 101697
103313 103502
104205 104440
105044 106628
107158 111838
112658 114476
115860 119064
119838 123397
124020 124723
125287 130272
131117 149164
149785 151726
152369 156593
157196 160293
160916 161392
162160 167842
168397 170255
170768 177658
178434 179728
180565 187168
188212 191126
191693 202835
203906 204036
205205 205728
206610 212944
214059 218539
219224 219687
221594 223635
224317 225602
EC031_NZ_JAERJC010000021.1
1 1050
1558 3030
4817 8913
9437 17598
18300 19026
20266 22199
EC031_NZ_JAERJC010000022.1
1 351
2148 4012
4967 5868
6308 7276
9603 10770
EC031_NZ_JAERJC010000023.1
1 7561
8582 10172
11282 11873
12411 15483
17221 17470
EC031_NZ_JAERJC010000024.1
1 715
1580 1707
2504 2632
4531 5274
6046 6106
6887 13864
15133 16218
EC031_NZ_JAERJC010000025.1
1 3224
3890 4723
5321 6584
7798 9574
11054 13201
13705 15842
EC031_NZ_JAERJC010000026.1
1 3990
4858 6667
EC031_NZ_JAERJC010000027.1
1 2296
2878 7265
EC031_NZ_JAERJC010000028.1
1 1183
1665 10437
10928 12341
EC031_NZ_JAERJC010000029.1
1 6614
EC031_NZ_JAERJC010000030.1
1 7841
8519 8723
EC031_NZ_JAERJC010000004.1
1 955
2436 5534
7114 8295
9618 10030
11186 14806
15698 16344
17310 18275
20667 21648
22348 24444
24978 27510
27982 31484
33204 35136
35645 39061
40474 41604
43312 43733
44631 45050
45756 51249
52236 54713
55531 57051
57922 58868
59725 60845
61921 63963
65961 68550
70301 70977
71580 72303
73029 74391
75213 81686
82285 83682
85328 85577
86356 87433
88044 88708
89252 95187
97401 100111
100924 104134
105125 109954
111128 116080
116668 118092
119630 120140
120713 121440
122234 122966
124653 133561
134873 137798
138736 139390
140147 140759
141519 141720
143557 145467
145984 148261
148903 154596
155997 156778
159953 160171
161280 168314
168905 173407
174950 185533
186227 186913
187524 188077
188647 190386
191666 195042
196222 200070
200899 202177
204200 204648
205308 207306
208772 208915
209449 211332
212613 213120
213805 217670
218373 219366
220849 223669
224552 225487
EC031_NZ_JAERJC010000031.1
1 7062
EC031_NZ_JAERJC010000032.1
1 6156
EC031_NZ_JAERJC010000033.1
759 5103
EC031_NZ_JAERJC010000034.1
1 2666
4333 5018
EC031_NZ_JAERJC010000035.1
1206 2097
2845 5295
EC031_NZ_JAERJC010000036.1
1 4387
EC031_NZ_JAERJC010000037.1
1 2010
EC031_NZ_JAERJC010000038.1
1 780
1781 1979
EC031_NZ_JAERJC010000039.1
1 2312
EC031_NZ_JAERJC010000005.1
1 3601
4619 4857
5898 7291
7846 8494
9044 9522
10343 11355
12034 13903
14624 16051
16950 20442
22023 28047
29699 33990
34589 37168
37725 38472
39175 39371
40582 43598
44648 58675
59196 60617
61655 63233
64901 71758
72739 73490
75356 77994
79037 81154
82065 82190
82521 85192
86502 86712
88073 88273
89485 91900
92995 94916
95440 95952
97253 102124
103348 104592
105158 107879
109494 109784
110404 111090
112037 117584
118158 118353
118911 122532
123987 124632
128331 131875
133513 135009
135826 139240
139842 157692
158225 159726
