FNA11_NZ_VTDS01000001.1
1 34327
34920 34972
36220 39180
39930 44789
45395 51945
52663 52813
53560 55089
55660 56729
57325 58441
59015 64740
65716 99967
100770 197878
199055 365283
FNA11_NZ_VTDS01000006.1
1 94357
95045 142982
FNA11_NZ_VTDS01000052.1
1 3161
FNA11_NZ_VTDS01000053.1
1 3143
FNA11_NZ_VTDS01000054.1
1 2650
FNA11_NZ_VTDS01000055.1
1 2194
FNA11_NZ_VTDS01000056.1
1 2132
FNA11_NZ_VTDS01000057.1
1 1994
FNA11_NZ_VTDS01000058.1
1 1968
FNA11_NZ_VTDS01000059.1
1 1897
FNA11_NZ_VTDS01000060.1
1 1466
FNA11_NZ_VTDS01000061.1
1 1458
FNA11_NZ_VTDS01000007.1
1 116887
FNA11_NZ_VTDS01000062.1
1 769
FNA11_NZ_VTDS01000063.1
1 1033
FNA11_NZ_VTDS01000064.1
1 977
FNA11_NZ_VTDS01000065.1
1 809
FNA11_NZ_VTDS01000066.1
1 152
FNA11_NZ_VTDS01000067.1
1 695
FNA11_NZ_VTDS01000008.1
1 107391
FNA11_NZ_VTDS01000068.1
1 594
FNA11_NZ_VTDS01000009.1
1 96940
FNA11_NZ_VTDS01000069.1
1 421
FNA11_NZ_VTDS01000070.1
1 410
FNA11_NZ_VTDS01000071.1
1 408
FNA11_NZ_VTDS01000072.1
1 406
FNA11_NZ_VTDS01000010.1
1 86077
FNA11_NZ_VTDS01000073.1
1 404
FNA11_NZ_VTDS01000074.1
1 403
FNA11_NZ_VTDS01000075.1
1 401
FNA11_NZ_VTDS01000002.1
1 71187
71854 231990
FNA11_NZ_VTDS01000011.1
1 50908
FNA11_NZ_VTDS01000012.1
1 28500
FNA11_NZ_VTDS01000013.1
1 296
1628 60602
FNA11_NZ_VTDS01000014.1
1 27065
28459 59632
FNA11_NZ_VTDS01000015.1
1 4892
5923 58308
FNA11_NZ_VTDS01000016.1
1 58052
FNA11_NZ_VTDS01000017.1
1 43754
FNA11_NZ_VTDS01000018.1
1 42893
FNA11_NZ_VTDS01000019.1
1 41530
FNA11_NZ_VTDS01000020.1
1 38835
FNA11_NZ_VTDS01000021.1
1 28483
FNA11_NZ_VTDS01000022.1
1 27284
FNA11_NZ_VTDS01000003.1
1 204648
FNA11_NZ_VTDS01000023.1
1 24297
25008 26990
FNA11_NZ_VTDS01000024.1
1 25326
FNA11_NZ_VTDS01000025.1
1 25021
FNA11_NZ_VTDS01000026.1
1 9542
10104 24977
FNA11_NZ_VTDS01000027.1
1 24315
FNA11_NZ_VTDS01000028.1
1 23293
FNA11_NZ_VTDS01000029.1
1 22876
FNA11_NZ_VTDS01000030.1
1 17893
FNA11_NZ_VTDS01000031.1
1 16073
FNA11_NZ_VTDS01000032.1
1 15589
FNA11_NZ_VTDS01000004.1
1 199
696 132343
132451 132665
133054 182399
FNA11_NZ_VTDS01000033.1
1 15407
FNA11_NZ_VTDS01000034.1
1 15358
FNA11_NZ_VTDS01000035.1
1 13912
FNA11_NZ_VTDS01000036.1
1 563
1124 14181
FNA11_NZ_VTDS01000037.1
1 11190
FNA11_NZ_VTDS01000038.1
1 167
727 1122
2770 7598
7836 11133
FNA11_NZ_VTDS01000039.1
1 10305
FNA11_NZ_VTDS01000040.1
1 9940
FNA11_NZ_VTDS01000041.1
1 10065
FNA11_NZ_VTDS01000042.1
1 9032
FNA11_NZ_VTDS01000005.1
1 166418
FNA11_NZ_VTDS01000043.1
1 4980
FNA11_NZ_VTDS01000044.1
1 7915
FNA11_NZ_VTDS01000045.1
1 7120
FNA11_NZ_VTDS01000046.1
1 6208
FNA11_NZ_VTDS01000047.1
1 5294
FNA11_NZ_VTDS01000048.1
1 4907
FNA11_NZ_VTDS01000049.1
1 4581
FNA11_NZ_VTDS01000050.1
1 4465
FNA11_NZ_VTDS01000051.1
1 4410
