BB226_NZ_JAEQDM010000001.1
1 5071
7287 8016
8628 8873
9678 9881
10578 10841
12089 12792
13379 15215
15964 16023
16811 16978
17468 18019
18865 34029
35603 36538
37412 37643
38585 41377
42008 42186
43298 47059
47594 49658
50553 56064
56723 58173
59592 59996
61391 62105
62661 65059
65787 66304
66920 69532
70196 70707
71256 72942
74808 75380
76199 80824
81505 81896
82424 83165
83707 83821
84390 90877
91508 91764
92565 95665
96266 99206
100697 102398
103175 103752
104461 111616
112259 116984
118967 124854
125767 126582
127133 128252
128928 129076
129977 130403
132132 133344
134025 135026
135748 136012
136823 137231
138060 140635
141205 141717
142495 142693
143006 144021
BB226_NZ_JAEQDM010000006.1
1 2283
4344 4738
5377 6459
6961 8801
9497 9551
10189 11952
13600 15736
17596 19291
21161 22624
23950 30942
31496 33158
33892 34021
34696 37743
38399 39505
40169 41434
42034 42856
43425 44143
45405 47062
48035 51451
53181 54075
54792 63433
63953 65145
65822 70329
71428 71508
72301 75420
75922 76524
77029 77915
78539 79515
80131 81774
82304 82451
82961 83827
85592 85650
87225 87580
88102 89144
89711 90194
91363 92671
93202 93725
94227 96864
99060 101578
102373 102616
103159 107003
108264 110585
BB226_NZ_JAEQDM010000051.1
1 250
1988 3412
4042 5060
5598 6193
7303 9283
BB226_NZ_JAEQDM010000052.1
1 4254
5544 9015
BB226_NZ_JAEQDM010000053.1
1 608
1241 7764
BB226_NZ_JAEQDM010000054.1
1 1046
2607 7353
BB226_NZ_JAEQDM010000055.1
1 4225
4799 6366
BB226_NZ_JAEQDM010000056.1
1 6147
BB226_NZ_JAEQDM010000057.1
1 243
878 1319
1879 2846
5096 5580
BB226_NZ_JAEQDM010000058.1
1 2196
2700 3601
4546 5331
BB226_NZ_JAEQDM010000059.1
1 2513
3735 4749
BB226_NZ_JAEQDM010000060.1
1 639
1216 3417
BB226_NZ_JAEQDM010000007.1
1 1183
1593 2121
2675 5056
6088 7843
8371 8633
9531 10183
10746 11143
11660 16514
17338 21079
21627 47752
48570 50501
51071 54532
55358 58292
58919 59429
60556 61349
62371 65455
66024 66495
67018 70813
71805 75324
75867 78458
80972 83285
84566 86326
86851 88984
89691 93276
93923 100584
101325 104097
BB226_NZ_JAEQDM010000061.1
1 4360
BB226_NZ_JAEQDM010000062.1
1 2358
3059 3283
BB226_NZ_JAEQDM010000063.1
1 586
1219 1516
2470 2936
BB226_NZ_JAEQDM010000064.1
1 1258
2030 2817
BB226_NZ_JAEQDM010000065.1
1 125
896 1187
2125 2298
BB226_NZ_JAEQDM010000066.1
1 199
1201 1979
BB226_NZ_JAEQDM010000067.1
901 1314
BB226_NZ_JAEQDM010000008.1
1 2443
3144 4315
4894 8022
8568 12110
12204 18924
19574 31673
32410 32528
33048 35153
35795 37754
38445 41437
42258 45573
46244 57770
58378 59026
60061 69255
69843 73767
74493 76800
78304 78776
79315 81690
82557 83889
84419 84835
85502 86543
87285 89351
90670 96586
97136 99895
BB226_NZ_JAEQDM010000009.1
1 1222
2936 4659
5311 6299
7225 8044
8660 23530
24270 28777
29486 30242
31031 31397
32145 32195
33495 34181
34748 34859
35541 35845
37226 41451
42293 42822
43556 43722
44399 46151
48000 51583
52697 52898
53505 56457
57257 58106
58714 58943
59598 60551
62537 63719
65391 66042
67071 67182
68047 68787
70146 73058
73733 74629
75212 75433
76708 81515
82722 85551
86679 86960
87929 91878
93671 93761
95039 97906
98938 99388
BB226_NZ_JAEQDM010000010.1
1 1524
2926 3613
4290 8136
8638 10172
12275 12433
13001 14684
15770 16017
16666 23722
24504 24820
25819 26230
26861 28306
29319 31939
32566 34928
35861 36718
37576 40204
41670 42326
42837 42908
43015 44352
44867 52481
53123 65000
65562 67152
67766 68405
68906 69299
70382 70805
71544 71961
73852 78863
79578 82863
83605 84277
85384 85738
86615 87129
87754 89670
BB226_NZ_JAEQDM010000002.1
1 1694
2261 5175
6213 11588
12101 20814
21324 22666
23179 25038
25593 31281
32043 32522
33142 41066
41709 43655
44271 50864
51871 54534
55181 59844
60690 64372
65151 66950
67573 71127
71901 75102
76484 78302
79126 83809
84339 87673
89290 89456
90069 91362
92751 93525
94581 94810
95315 95775
96427 98859
99450 101016
101685 105261
105841 110711
111255 112201
113347 118263
119277 122928
123560 126580
127195 131921
132463 134311
136685 137696
BB226_NZ_JAEQDM010000011.1
1 478
989 1054
2559 2757
3490 3753
4517 4995
5943 6238
7843 11694
12329 15038
15833 17192
18360 19183
20211 20316
20827 26159
26713 27283
28323 28837
29403 29813
30353 31072
31671 32159
32886 34638
36702 36913
37911 38211
39596 40938
41775 41947
43422 45326
45930 46630
48851 50754
51512 51575
52840 52904
53510 54059
54621 55025
55540 58154
59134 65037
65840 73855
74111 84935
86667 89635
BB226_NZ_JAEQDM010000012.1
1 3224
3879 9205
10500 11692
12538 13057
13600 15234
15974 18289
18807 26352
28535 28847
29572 30792
31496 31625
32208 32553
33147 33459
33962 34373
34939 36742
37325 37911
39939 40205
40731 40803
41574 43865
44611 47124
47997 48702
49305 49911
51345 52626
53415 55729
56906 59705
60218 62716
64318 66767
67756 68104
68643 71816
74262 74604
75142 75881
76570 76956
79905 80569
81075 85456
BB226_NZ_JAEQDM010000013.1
1 1962
3869 4914
5547 5722
6265 6648
7181 19783
20385 21358
22752 28158
29416 32537
33226 34237
34744 38068
38965 39985
40531 40813
43398 45450
46083 51505
52006 52940
53466 55532
56926 58340
58870 59846
60388 66893
67400 67719
69222 69761
71010 71409
71925 74997
76187 78448
78987 79737
BB226_NZ_JAEQDM010000014.1
1 794
1658 3309
3822 3985
5113 6580
7527 8837
9545 11846
12544 12681
13296 13513
14202 14760
15403 16131
16750 16990
17734 20401
21009 23618
25176 25446
27995 28060
28763 30179
31122 34747
35524 37040
38146 39123
40003 41770
42899 46449
47001 47234
47747 47991
49216 50428
51152 52895
53425 54546
57810 62608
63234 64156
64856 67041
67773 72752
73509 74160
BB226_NZ_JAEQDM010000015.1
1 908
1422 2067
6272 6823
7328 8650
10949 12445
13263 16678
17277 21150
22384 23387
23715 23831
24165 45683
46196 46411
47231 64738
65529 67669
68202 69687
BB226_NZ_JAEQDM010000016.1
1 4137
5054 5857
6827 7320
8212 32952
33890 40572
41668 41736
42899 44490
45050 47438
48149 48963
50088 51772
52668 54697
55395 57814
59058 62485
63062 63724
64498 65181
65820 69626
BB226_NZ_JAEQDM010000017.1
1 211
2024 2149
3321 3393
5091 7902
8586 9816
11148 22228
25320 27565
28102 33231
34500 36783
38595 38920
40521 40702
41300 47681
49529 49768
50537 51407
53887 54404
54977 55901
57673 60587
61294 62664
BB226_NZ_JAEQDM010000018.1
1 1934
3171 5300
5932 9134
9694 10225
11615 12765
13289 17388
19175 20647
21155 25518
26230 26369
26972 27560
28201 28548
29683 30108
30634 32622
33375 34038
34989 35056
35664 37063
37710 39188
39808 40475
41211 41692
42219 44116
44646 44928
45511 46114
48562 51174
52006 52423
53002 54023
54528 56972
57554 58886
60601 61661
BB226_NZ_JAEQDM010000019.1
1 118
943 2101
3096 4439
5209 6373
7873 8355
9499 9999
12512 13434
14093 16313
18107 19085
20056 20630
21166 21649
22721 24052
25653 26577
28319 29258
30351 31213
32806 33069
34292 35440
35956 43980
45241 54276
55169 56825
58147 59031
BB226_NZ_JAEQDM010000020.1
1 1566
3222 4122
4764 5873
6447 6672
7438 8136
9366 11909
13109 15990
16561 19177
19745 20400
21192 22372
23959 24146
24769 26757
27327 28633
29148 29935
30467 31258
32500 37862
38434 47033
47540 48441
49527 50885
52899 53055
BB226_NZ_JAEQDM010000003.1
1 1723
2365 2592
3727 6163
7555 9274
11512 19547
19754 25067
26622 29730
30289 32881
33468 34327
35126 37203
37897 38583
39194 39747
40317 41472
41981 42056
43336 46710
47886 48144
48654 48902
49542 51734
52563 53841
55865 56313
56973 57714
58270 58971
60437 60580
61114 61525
62151 62998
64278 64785
65470 69335
70038 71031
72509 75365
76248 76733
77540 79094
82288 90222
91543 91756
93274 93828
95172 96642
97271 100170
100963 101483
102008 102156
103217 104140
105170 107966
108467 110699
111654 111790
112731 116516
117210 118013
118679 118946
119475 121121
122823 124409
124989 125297
126009 128525
129183 130274
130839 132794
133458 134645
BB226_NZ_JAEQDM010000021.1
1 2043
2824 3707
5144 6003
6529 11498
12206 13140
14743 14886
15874 16339
16906 18228
19994 20829
22721 22901
25484 26437
27113 28113
28673 29090
29705 34298
35078 38150
39088 39278
40138 43480
45295 47016
BB226_NZ_JAEQDM010000022.1
1720 2264
3032 5939
6991 12244
13232 15861
17782 18898
20845 23639
24691 25518
25880 26396
27135 27810
28323 29528
30110 30272
30969 33563
34219 36668
37819 37922
38642 39319
40008 40293
BB226_NZ_JAEQDM010000023.1
1 421
1906 2320
3292 4072
4850 5308
6415 6467
7195 7460
8075 8538
9160 9640
11028 11175
11832 11904
12778 13886
14390 15196
16014 17656
18162 18997
19820 31878
32679 33560
34403 35571
36912 37315
BB226_NZ_JAEQDM010000024.1
1 1884
3196 4480
5291 6059
7765 9274
9824 10194
10951 13281
14019 14768
15374 19971
20697 21023
22298 23773
24542 26751
27335 30360
31236 34435
BB226_NZ_JAEQDM010000025.1
1 2767
3311 3762
4496 6916
7336 8523
9405 10766
11734 11969
13188 14288
14679 14746
14987 15438
16649 18566
19298 19622
20259 21008
21558 22813
23411 26041
27226 34386
BB226_NZ_JAEQDM010000026.1
1 201
954 6360
7598 9569
10183 12225
13110 18047
18755 20257
21283 22636
25671 30497
31344 32004
BB226_NZ_JAEQDM010000027.1
1 29323
30262 31028
BB226_NZ_JAEQDM010000028.1
1 1816
2399 11200
13275 17721
18758 19149
23158 24710
26801 27856
28884 30277
BB226_NZ_JAEQDM010000029.1
1 3124
3712 5136
6674 7184
7757 8485
9821 10012
11697 12165
14022 15513
16629 18550
20411 20607
21919 26435
27771 29438
BB226_NZ_JAEQDM010000030.1
1 14253
BB226_NZ_JAEQDM010000004.1
1 1076
3078 5811
6852 11141
11820 13689
14410 15381
16280 27390
29042 29147
29667 30873
31576 34978
35725 36511
37066 37813
38516 38712
40653 42252
42825 42938
43989 46839
47360 56868
57609 58089
59269 60698
61736 63314
64982 65537
66103 67435
69361 71840
72821 73572
74806 75419
77049 78076
79126 79232
79803 81243
82154 82279
82610 94604
95255 95465
96826 97026
98238 100653
101748 101846
103321 104705
106006 110878
112102 113346
113912 116631
118246 118536
119156 120088
BB226_NZ_JAEQDM010000031.1
1 1468
3416 5225
6341 12685
13567 15395
16477 25436
26104 26300
BB226_NZ_JAEQDM010000032.1
1 1836
2749 16312
16845 24928
25808 25926
BB226_NZ_JAEQDM010000033.1
1 12866
13685 16994
18513 19607
20530 21187
22147 24662
BB226_NZ_JAEQDM010000034.1
1 13995
14815 14868
16812 17122
BB226_NZ_JAEQDM010000035.1
1429 1732
2577 4708
5562 8718
9252 9684
10480 10891
11590 12180
12740 16672
BB226_NZ_JAEQDM010000036.1
1 843
1708 2754
4652 5395
6167 6227
7008 11789
12449 13982
15257 16590
BB226_NZ_JAEQDM010000037.1
1 609
1263 2266
3166 3856
5594 6475
7660 9152
9372 9933
11018 11823
12706 13270
15605 16022
BB226_NZ_JAEQDM010000038.1
1 181
728 1731
2617 2748
4252 7462
9066 11387
12227 15524
BB226_NZ_JAEQDM010000039.1
1 1692
2250 6017
6535 7739
8533 10787
12240 14904
BB226_NZ_JAEQDM010000040.1
1 2958
5183 5328
5821 6743
7389 7866
8019 9000
BB226_NZ_JAEQDM010000005.1
1 3961
4840 5469
7049 8230
9553 12076
13079 14528
15322 17586
18552 37344
38071 40337
40846 41138
42723 44263
45664 46794
48502 48923
49820 68559
70171 72648
73466 74986
75856 78779
79855 81897
83895 84968
85755 86484
88234 88911
89514 90237
90963 91143
92071 92325
95156 95515
97103 98015
99323 99622
100221 101618
103270 103523
104298 106650
107198 108595
109479 109949
110835 113129
113679 114813
BB226_NZ_JAEQDM010000041.1
1 8474
BB226_NZ_JAEQDM010000042.1
1 288
1644 3162
3978 4693
5458 10914
11737 13051
BB226_NZ_JAEQDM010000043.1
1 794
2374 3927
4647 11376
12041 12984
BB226_NZ_JAEQDM010000044.1
1 140
720 1037
1876 7013
8046 8580
9326 10035
12042 12658
BB226_NZ_JAEQDM010000045.1
1 4462
5090 9089
BB226_NZ_JAEQDM010000046.1
1 12200
BB226_NZ_JAEQDM010000047.1
1 11807
BB226_NZ_JAEQDM010000048.1
1 2963
4011 4804
5587 6241
6972 7287
7900 8087
8936 9848
11112 11290
BB226_NZ_JAEQDM010000049.1
1 8886
10407 10484
BB226_NZ_JAEQDM010000050.1
1 10086
