BB362_NZ_JAEQDL010000001.1
1 390
945 7813
8760 9056
10662 18986
19700 20004
21172 21994
23022 28986
29540 30110
31148 31662
32231 32641
33181 33900
34499 34987
35714 38361
39530 39741
40739 41039
42424 43766
44603 48155
48759 49459
51679 54408
55673 55737
56343 57858
58373 59497
60916 61017
61991 62633
63206 63387
64056 64249
66288 70527
71522 71586
72113 79115
80495 81834
83146 84430
85241 89225
89774 94719
95325 96563
98930 99922
100648 100974
102249 110309
111185 115318
115649 117850
118428 118557
119491 125244
126046 127475
128344 128692
129195 134692
135302 137566
140272 144234
144833 145806
147200 149262
150178 151039
151944 156981
157670 158681
159188 162512
163405 164429
164975 171454
172257 173195
173779 175948
177149 179270
181388 184307
184849 185085
185310 186480
187448 191343
191850 195781
196297 203561
204242 205980
207796 214878
215508 216177
217493 217726
218502 221549
222164 222581
223765 224141
224817 227377
228353 231887
BB362_NZ_JAEQDL010000006.1
1 4028
5140 5318
5949 8742
9684 9915
10789 30504
31292 33936
34523 38425
39037 40524
41990 44192
44811 48550
49055 56019
56971 57574
58158 59932
60589 61878
62614 63281
63901 65378
66025 69449
70202 72191
72717 76590
77302 80967
BB362_NZ_JAEQDL010000051.1
1 6464
BB362_NZ_JAEQDL010000052.1
1 8367
8935 12109
BB362_NZ_JAEQDL010000053.1
1 11980
BB362_NZ_JAEQDL010000054.1
1 2282
3397 3620
4388 5092
6313 8857
10057 11911
BB362_NZ_JAEQDL010000055.1
1 2142
2884 5477
5987 9704
10259 11880
BB362_NZ_JAEQDL010000056.1
1 239
1150 2361
3184 6845
8962 10839
BB362_NZ_JAEQDL010000057.1
1 4382
5694 8616
9556 10501
BB362_NZ_JAEQDL010000058.1
1 648
1182 4338
6893 7324
8169 8472
BB362_NZ_JAEQDL010000059.1
1 4508
5168 7600
BB362_NZ_JAEQDL010000060.1
1133 1986
2894 6503
BB362_NZ_JAEQDL010000007.1
1 1157
1757 3022
3686 4792
5448 17188
17784 19975
21848 23543
25403 27539
29186 35759
36398 36794
38855 44264
45224 52724
53563 68781
69555 70217
70794 70864
BB362_NZ_JAEQDL010000061.1
1 1694
2491 2612
4510 5253
6025 6321
BB362_NZ_JAEQDL010000062.1
1 3807
4553 6115
BB362_NZ_JAEQDL010000063.1
1 3251
3977 4206
4840 5971
BB362_NZ_JAEQDL010000064.1
1 93
600 1501
2589 3947
4829 5772
BB362_NZ_JAEQDL010000065.1
1 5744
BB362_NZ_JAEQDL010000066.1
1 5725
BB362_NZ_JAEQDL010000067.1
1 1721
2471 3482
4638 5534
BB362_NZ_JAEQDL010000068.1
1 2566
3787 4801
BB362_NZ_JAEQDL010000069.1
1 1283
2445 5338
BB362_NZ_JAEQDL010000070.1
317 476
BB362_NZ_JAEQDL010000008.1
1 4725
5306 8882
9548 11117
11708 17826
18473 20508
21121 21287
22903 23092
23796 26238
26768 31452
32261 38673
39447 43003
43626 44329
44893 49885
50731 61716
BB362_NZ_JAEQDL010000071.1
1 219
981 2145
3645 4701
BB362_NZ_JAEQDL010000072.1
1 89
1247 4248
BB362_NZ_JAEQDL010000073.1
1 2077
2624 3777
BB362_NZ_JAEQDL010000074.1
1 3306
BB362_NZ_JAEQDL010000075.1
1 895
1666 3199
BB362_NZ_JAEQDL010000076.1
1 3102
BB362_NZ_JAEQDL010000077.1
1 2684
BB362_NZ_JAEQDL010000078.1
1 2582
BB362_NZ_JAEQDL010000079.1
1 199
1091 1869
BB362_NZ_JAEQDL010000009.1
1 1306
1814 2156
3267 12245
13080 13534
14182 14469
17219 18025
18981 21119
21761 21946
22540 26601
27742 29025
30389 32498
33267 34137
36076 37137
37710 38034
38598 38652
40406 43320
44026 45400
49187 49421
49965 50025
53927 57201
BB362_NZ_JAEQDL010000080.1
1 1861
BB362_NZ_JAEQDL010000081.1
1 1721
BB362_NZ_JAEQDL010000082.1
1 1520
BB362_NZ_JAEQDL010000083.1
1 1120
BB362_NZ_JAEQDL010000084.1
1 986
BB362_NZ_JAEQDL010000085.1
1 967
BB362_NZ_JAEQDL010000010.1
1 1187
1757 3755
4596 5217
6043 10106
11232 12025
13047 16131
16700 55542
56238 56655
BB362_NZ_JAEQDL010000002.1
1 15158
16038 17694
19019 19659
22049 25323
26364 31820
32499 34367
35088 39168
40218 40942
42523 45543
46363 47139
47693 48547
49510 50304
50824 52030
52733 54490
55089 56135
56882 57672
58224 58971
59674 59870
61811 62514
63172 63410
63983 64096
65147 74199
74727 76569
77962 78442
79607 95206
97411 98438
99489 101606
102517 102642
102973 105644
106950 107164
108519 112346
113441 115362
115886 116398
117699 117965
118628 123321
124545 125789
126355 126575
127288 130985
131605 132339
133286 135309
135827 136056
136651 138827
139401 139596
140150 143776
145231 145876
146736 153493
154041 154705
155316 156393
157168 163579
165167 167653
BB362_NZ_JAEQDL010000011.1
1 1206
2595 4502
5020 6610
7183 7297
7939 8164
9301 11726
13126 13909
17085 25639
26230 28900
29786 30721
32280 45407
45977 47132
47640 47716
48996 52840
BB362_NZ_JAEQDL010000012.1
1 3977
5115 10845
12472 16362
17248 19542
21755 22758
23644 23775
25279 28489
30093 42480
44012 49499
50142 52262
BB362_NZ_JAEQDL010000013.1
1 6505
7010 7926
9772 13550
14089 14437
15426 21965
22478 28775
29564 30845
32279 40583
41354 41426
41952 42218
44246 49783
BB362_NZ_JAEQDL010000014.1
1 638
1792 1858
3102 5507
6206 8228
9124 10814
11939 12750
13464 13897
14693 15851
16411 18002
19166 19230
20330 24457
25538 40773
40898 47428
BB362_NZ_JAEQDL010000015.1
523 3104
4285 5151
5661 5808
6338 6571
7209 7980
9153 9572
10196 12189
12694 22289
22966 32087
32700 34925
36655 36760
37391 42696
43343 43653
BB362_NZ_JAEQDL010000016.1
1 9408
10052 14736
15378 15885
16570 26477
27360 27845
28646 29280
29793 30216
33410 34158
34951 39310
40136 41351
42672 43444
BB362_NZ_JAEQDL010000017.1
1 3568
4197 7096
7889 8409
8934 9082
10143 11066
12096 14892
16708 17627
18583 18719
19660 23445
24143 24941
25601 25874
26403 28049
29751 31337
31917 32225
32937 37202
37767 39722
40386 41553
41769 41967
BB362_NZ_JAEQDL010000018.1
1 137
1136 3582
4595 7215
7848 10204
11137 11994
12852 13633
14206 15480
16946 17602
18113 18184
18292 19629
20140 22715
23325 23498
24216 24572
25184 41588
BB362_NZ_JAEQDL010000019.1
1 8892
10187 11379
12225 12744
13287 14921
15661 17978
18496 27919
28644 29870
30574 30703
31286 31631
32225 32537
33040 38821
39445 40017
BB362_NZ_JAEQDL010000020.1
1 7157
7681 8926
9334 12768
13736 14625
15190 17437
18648 28040
29225 30440
31175 36504
BB362_NZ_JAEQDL010000003.1
1 6508
7018 7574
8062 8113
8955 9404
10026 10844
11564 16678
19662 23070
23779 24467
25742 25963
26546 27442
28117 31029
32388 33128
33993 34104
35132 35783
36654 38637
40624 40909
41599 42461
43069 45084
45600 46803
47410 47611
48725 51000
51954 52308
54158 54925
55468 56756
57492 63085
64466 64770
65452 65565
66130 66816
67574 68166
68914 70825
71534 75629
76225 76754
77156 78068
78684 79503
80437 84112
85826 86564
87084 89965
90849 91654
92370 95011
96196 98310
99293 101406
102060 102124
102982 103988
105876 107044
107887 108765
109569 111183
111719 114475
115477 117595
119118 119406
119927 120122
120752 122466
122972 124615
125433 127812
128686 128758
129415 129562
130955 131435
132057 132520
133135 133400
134128 134180
135287 135744
136523 137303
138275 138689
140184 140378
BB362_NZ_JAEQDL010000021.1
1 2236
3284 4077
4857 7357
8206 9118
10382 11782
13072 13285
13840 14101
14684 16674
18749 21483
22088 23196
24234 25686
26741 28272
28803 29873
30388 31443
33789 34042
34678 36151
BB362_NZ_JAEQDL010000022.1
1 36105
BB362_NZ_JAEQDL010000023.1
1 461
2046 2923
4987 6117
7825 8243
9144 9563
10269 11545
12743 15738
16725 17274
18024 18075
20020 25334
26410 30029
32315 32456
33059 33782
34508 35303
BB362_NZ_JAEQDL010000024.1
1 3522
4152 5170
5708 6299
7409 8998
10024 16076
17700 18051
18588 23957
25437 31089
31756 31920
33171 33970
34849 34988
BB362_NZ_JAEQDL010000025.1
1 692
1123 8569
9103 10081
11190 16222
17188 17834
18717 23651
24807 25219
26542 32394
33884 34879
BB362_NZ_JAEQDL010000026.1
1 1127
2022 3428
4276 7536
8189 11469
12864 13578
14134 14426
15127 16536
17264 17781
18397 21005
21674 26857
27676 32534
33103 33228
BB362_NZ_JAEQDL010000027.1
1 612
2705 13175
13885 18934
19469 22726
24502 30221
BB362_NZ_JAEQDL010000028.1
1 3298
4013 8711
9818 11563
12188 16207
17794 19343
20065 21232
21786 28391
BB362_NZ_JAEQDL010000029.1
1 2881
4101 7866
8547 14423
16521 18930
20016 20263
20912 24996
25536 27966
BB362_NZ_JAEQDL010000030.1
1 2919
4278 6622
7589 11123
12198 13531
15132 16056
17808 18737
19830 20692
22282 22545
23768 27644
BB362_NZ_JAEQDL010000004.1
1 320
1870 8196
8742 12284
12390 19098
19748 26292
26819 35307
35949 37908
38599 39687
40390 41591
42412 55353
55933 57906
58514 59162
60197 65929
66897 67310
68101 73919
74645 81883
82754 85030
85697 86738
87482 90420
BB362_NZ_JAEQDL010000031.1
1 4593
5372 6285
6833 27565
BB362_NZ_JAEQDL010000032.1
1 12468
13833 16443
17058 19551
20267 20850
22629 26326
BB362_NZ_JAEQDL010000033.1
1 6145
7106 14659
15205 15369
15931 18773
19274 19667
20750 21173
21912 23102
24223 25298
BB362_NZ_JAEQDL010000034.1
1 1051
1759 1852
2403 4346
5247 5673
7402 8616
9297 12504
13333 15911
16481 16992
17770 17968
18282 24650
BB362_NZ_JAEQDL010000035.1
1 654
1491 8097
9135 16143
17312 21153
22883 24336
BB362_NZ_JAEQDL010000036.1
1 6700
7397 23642
BB362_NZ_JAEQDL010000037.1
1 312
858 1933
3174 12777
13301 17397
19184 20881
BB362_NZ_JAEQDL010000038.1
1 743
1912 4269
4771 5993
8711 11229
12022 16655
17922 19630
BB362_NZ_JAEQDL010000039.1
1 2348
3332 3479
5082 6016
6724 13076
14519 18200
BB362_NZ_JAEQDL010000040.1
1 18120
BB362_NZ_JAEQDL010000005.1
1 2094
2919 4518
5102 5334
6091 6837
7444 13974
14674 23662
26104 28022
31016 33700
34213 34446
34998 36264
37080 38549
39677 52674
53377 56261
57820 58384
59027 60429
61037 63667
64411 64651
65270 65996
66641 67199
67888 68105
68720 71856
72564 73874
74821 75619
76293 79746
80609 81389
BB362_NZ_JAEQDL010000041.1
1 12465
12998 16746
BB362_NZ_JAEQDL010000042.1
1 586
1282 17488
BB362_NZ_JAEQDL010000043.1
1 2425
2926 5215
5858 5986
6861 7061
7737 9785
10531 10580
12563 17432
BB362_NZ_JAEQDL010000044.1
1 2312
3554 4516
5150 7154
9484 11129
12059 17129
BB362_NZ_JAEQDL010000045.1
1 3542
4185 4668
5256 8409
9013 12109
12729 13208
13976 16932
BB362_NZ_JAEQDL010000046.1
1 9813
10337 16645
BB362_NZ_JAEQDL010000047.1
1 3633
4603 6987
7589 8303
8876 9847
10903 15162
15666 15911
BB362_NZ_JAEQDL010000048.1
1 808
2359 6385
7474 7901
BB362_NZ_JAEQDL010000049.1
1 597
1306 1883
2660 4361
5852 11181
11992 14247
BB362_NZ_JAEQDL010000050.1
1 5647
6629 7113
