	15.0	16.0	17.0	18.0	19.0	20.0	21.0	22.0	23.0	24.0	25.0	26.0	27.0	28.0	29.0	30.0	31.0	32.0	33.0	34.0	35.0
13702_32540_179738_H5MH5AFX5_metagenomic_mix_A06_22FN006_TAGGCATG_CTAGTCGA_R1	2.0	37.0	97.0	179.0	419.0	772.0	1462.0	2893.0	5657.0	9950.0	16221.0	24480.0	34709.0	46776.0	62237.0	84203.0	120914.0	195372.0	382400.0	901833.0	393584.0
	2.0	3.0	4.0	5.0	6.0	7.0	8.0	9.0	10.0	11.0	12.0	13.0	14.0	15.0	16.0	17.0	18.0	19.0	20.0	21.0	22.0	23.0	24.0	25.0	26.0	27.0	28.0	29.0	30.0	31.0	32.0	33.0	34.0	35.0
13702_32540_179738_H5MH5AFX5_metagenomic_mix_A06_22FN006_TAGGCATG_CTAGTCGA_R2	178.0	88.0	78.0	68.0	59.0	56.0	49.0	43.0	46.0	41.0	42.0	41.0	65.0	461.0	780.0	976.0	1544.0	2857.0	5107.0	7220.0	9483.0	13347.0	19295.0	26893.0	36483.0	48579.0	64654.0	86529.0	120872.0	176046.0	276363.0	494095.0	767777.0	123982.0
	15.0	16.0	17.0	18.0	19.0	20.0	21.0	22.0	23.0	24.0	25.0	26.0	27.0	28.0	29.0	30.0	31.0	32.0	33.0	34.0	35.0
13702_32540_179739_H5MH5AFX5_metagenomic_mix_B06_22FN059_TAGGCATG_AGCTAGAA_R1	3.0	15.0	76.0	153.0	304.0	536.0	1134.0	2408.0	4890.0	9018.0	15032.0	23304.0	33204.0	45135.0	60655.0	82248.0	118802.0	193556.0	379285.0	906069.0	424575.0
	2.0	3.0	4.0	5.0	6.0	7.0	8.0	9.0	10.0	11.0	12.0	13.0	14.0	15.0	16.0	17.0	18.0	19.0	20.0	21.0	22.0	23.0	24.0	25.0	26.0	27.0	28.0	29.0	30.0	31.0	32.0	33.0	34.0	35.0
13702_32540_179739_H5MH5AFX5_metagenomic_mix_B06_22FN059_TAGGCATG_AGCTAGAA_R2	162.0	84.0	72.0	60.0	37.0	51.0	50.0	61.0	52.0	38.0	43.0	34.0	72.0	393.0	731.0	930.0	1415.0	2688.0	4704.0	6927.0	9272.0	13006.0	19082.0	26503.0	36351.0	48509.0	64306.0	86874.0	119752.0	173406.0	270782.0	483520.0	784751.0	145684.0
	17.0	18.0	19.0	20.0	21.0	22.0	23.0	24.0	25.0	26.0	27.0	28.0	29.0	30.0	31.0	32.0	33.0	34.0	35.0
13702_32540_179740_H5MH5AFX5_metagenomic_mix_C06_22FN068_TAGGCATG_ACTCTAGG_R1	1.0	1.0	4.0	15.0	30.0	61.0	108.0	180.0	339.0	437.0	612.0	818.0	1137.0	1458.0	2025.0	3227.0	6348.0	17752.0	10563.0
	2.0	3.0	4.0	5.0	6.0	7.0	8.0	9.0	10.0	11.0	12.0	13.0	14.0	15.0	16.0	17.0	18.0	19.0	20.0	21.0	22.0	23.0	24.0	25.0	26.0	27.0	28.0	29.0	30.0	31.0	32.0	33.0	34.0	35.0
13702_32540_179740_H5MH5AFX5_metagenomic_mix_C06_22FN068_TAGGCATG_ACTCTAGG_R2	3.0	1.0	0.0	1.0	0.0	1.0	1.0	1.0	2.0	1.0	0.0	1.0	2.0	7.0	10.0	12.0	11.0	43.0	71.0	102.0	143.0	220.0	312.0	411.0	600.0	738.0	949.0	1319.0	1841.0	2657.0	4264.0	8558.0	18399.0	4435.0
	15.0	16.0	17.0	18.0	19.0	20.0	21.0	22.0	23.0	24.0	25.0	26.0	27.0	28.0	29.0	30.0	31.0	32.0	33.0	34.0	35.0
13702_32540_179741_H5MH5AFX5_metagenomic_mix_D06_FN051_TAGGCATG_TCTTACGC_R1	2.0	15.0	76.0	172.0	335.0	765.0	1319.0	2416.0	4260.0	7434.0	11795.0	17747.0	24637.0	33144.0	44184.0	58432.0	83422.0	132968.0	261495.0	624860.0	264490.0
	2.0	3.0	4.0	5.0	6.0	7.0	8.0	9.0	10.0	11.0	12.0	13.0	14.0	15.0	16.0	17.0	18.0	19.0	20.0	21.0	22.0	23.0	24.0	25.0	26.0	27.0	28.0	29.0	30.0	31.0	32.0	33.0	34.0	35.0
13702_32540_179741_H5MH5AFX5_metagenomic_mix_D06_FN051_TAGGCATG_TCTTACGC_R2	117.0	59.0	49.0	50.0	40.0	22.0	38.0	41.0	30.0	21.0	33.0	30.0	53.0	333.0	570.0	760.0	1139.0	1957.0	3448.0	5236.0	7323.0	10510.0	14831.0	20237.0	27328.0	35743.0	46923.0	62207.0	84214.0	120225.0	188661.0	338197.0	522386.0	81157.0
	15.0	16.0	17.0	18.0	19.0	20.0	21.0	22.0	23.0	24.0	25.0	26.0	27.0	28.0	29.0	30.0	31.0	32.0	33.0	34.0	35.0
13702_32540_179742_H5MH5AFX5_metagenomic_mix_E06_FN053_TAGGCATG_CTTAATAG_R1	14.0	106.0	413.0	858.0	1433.0	1758.0	2119.0	3290.0	5445.0	8956.0	12833.0	18759.0	25364.0	33703.0	44622.0	59689.0	85392.0	134654.0	255434.0	552750.0	229832.0
	2.0	3.0	4.0	5.0	6.0	7.0	8.0	9.0	10.0	11.0	12.0	13.0	14.0	15.0	16.0	17.0	18.0	19.0	20.0	21.0	22.0	23.0	24.0	25.0	26.0	27.0	28.0	29.0	30.0	31.0	32.0	33.0	34.0	35.0
13702_32540_179742_H5MH5AFX5_metagenomic_mix_E06_FN053_TAGGCATG_CTTAATAG_R2	108.0	47.0	46.0	54.0	39.0	35.0	35.0	32.0	32.0	24.0	26.0	24.0	60.0	686.0	1426.0	1894.0	2667.0	3765.0	4548.0	5498.0	7464.0	10303.0	14478.0	19973.0	26651.0	34631.0	44857.0	58094.0	77765.0	110329.0	169958.0	308073.0	492744.0	81058.0
	15.0	16.0	17.0	18.0	19.0	20.0	21.0	22.0	23.0	24.0	25.0	26.0	27.0	28.0	29.0	30.0	31.0	32.0	33.0	34.0	35.0
13702_32540_179743_H5MH5AFX5_metagenomic_mix_F06_FN075_TAGGCATG_ATAGCCTT_R1	3.0	28.0	104.0	179.0	273.0	502.0	986.0	1858.0	3660.0	6698.0	11196.0	16681.0	23405.0	32467.0	42920.0	58277.0	85307.0	138790.0	268508.0	619237.0	271132.0
	2.0	3.0	4.0	5.0	6.0	7.0	8.0	9.0	10.0	11.0	12.0	13.0	14.0	15.0	16.0	17.0	18.0	19.0	20.0	21.0	22.0	23.0	24.0	25.0	26.0	27.0	28.0	29.0	30.0	31.0	32.0	33.0	34.0	35.0
13702_32540_179743_H5MH5AFX5_metagenomic_mix_F06_FN075_TAGGCATG_ATAGCCTT_R2	98.0	50.0	57.0	45.0	37.0	43.0	47.0	30.0	35.0	39.0	31.0	24.0	51.0	376.0	646.0	818.0	1192.0	2036.0	3379.0	4931.0	6565.0	9388.0	13836.0	19298.0	26007.0	35028.0	46267.0	62547.0	86628.0	123738.0	192725.0	338609.0	521947.0	85663.0
	14.0	15.0	16.0	17.0	18.0	19.0	20.0	21.0	22.0	23.0	24.0	25.0	26.0	27.0	28.0	29.0	30.0	31.0	32.0	33.0	34.0	35.0
13702_32540_179744_H5MH5AFX5_metagenomic_mix_G06_FN118_TAGGCATG_TAAGGCTC_R1	1.0	3.0	57.0	157.0	285.0	524.0	870.0	1403.0	2530.0	4539.0	7528.0	11668.0	17048.0	23133.0	30396.0	40195.0	53379.0	75854.0	121539.0	246666.0	631669.0	282332.0
	2.0	3.0	4.0	5.0	6.0	7.0	8.0	9.0	10.0	11.0	12.0	13.0	14.0	15.0	16.0	17.0	18.0	19.0	20.0	21.0	22.0	23.0	24.0	25.0	26.0	27.0	28.0	29.0	30.0	31.0	32.0	33.0	34.0	35.0
13702_32540_179744_H5MH5AFX5_metagenomic_mix_G06_FN118_TAGGCATG_TAAGGCTC_R2	117.0	37.0	45.0	36.0	61.0	30.0	41.0	45.0	35.0	31.0	30.0	21.0	40.0	388.0	674.0	897.0	1378.0	2281.0	3309.0	4195.0	5588.0	7728.0	10882.0	14982.0	20748.0	27100.0	35776.0	48176.0	65770.0	98669.0	165680.0	335830.0	599360.0	101796.0
	15.0	16.0	17.0	18.0	19.0	20.0	21.0	22.0	23.0	24.0	25.0	26.0	27.0	28.0	29.0	30.0	31.0	32.0	33.0	34.0	35.0
13702_32540_179745_H5MH5AFX5_metagenomic_mix_H06_FN128_TAGGCATG_TCGCATAA_R1	1.0	27.0	73.0	160.0	240.0	467.0	919.0	1947.0	4005.0	7371.0	12201.0	18801.0	26806.0	36285.0	48031.0	65626.0	94012.0	151187.0	300480.0	756078.0	366804.0
	2.0	3.0	4.0	5.0	6.0	7.0	8.0	9.0	10.0	11.0	12.0	13.0	14.0	15.0	16.0	17.0	18.0	19.0	20.0	21.0	22.0	23.0	24.0	25.0	26.0	27.0	28.0	29.0	30.0	31.0	32.0	33.0	34.0	35.0
13702_32540_179745_H5MH5AFX5_metagenomic_mix_H06_FN128_TAGGCATG_TCGCATAA_R2	146.0	65.0	62.0	43.0	33.0	43.0	35.0	46.0	44.0	32.0	28.0	29.0	59.0	386.0	594.0	795.0	1140.0	2236.0	3891.0	5588.0	7608.0	10438.0	15194.0	21319.0	28945.0	38499.0	50398.0	67560.0	92916.0	134726.0	214931.0	397959.0	671820.0	123913.0
	17.0	18.0	19.0	20.0	21.0	22.0	23.0	24.0	25.0	26.0	27.0	28.0	29.0	30.0	31.0	32.0	33.0	34.0	35.0
13702_32540_179746_H5MH5AFX5_metagenomic_mix_A07_FN140_CTCTCTAC_CTAGTCGA_R1	1.0	0.0	0.0	2.0	0.0	3.0	6.0	11.0	13.0	27.0	29.0	45.0	60.0	67.0	90.0	165.0	278.0	695.0	342.0
	18.0	19.0	20.0	21.0	22.0	23.0	24.0	25.0	26.0	27.0	28.0	29.0	30.0	31.0	32.0	33.0	34.0	35.0
13702_32540_179746_H5MH5AFX5_metagenomic_mix_A07_FN140_CTCTCTAC_CTAGTCGA_R2	2.0	4.0	8.0	9.0	8.0	10.0	21.0	23.0	27.0	34.0	50.0	69.0	86.0	136.0	207.0	380.0	637.0	123.0
	16.0	17.0	18.0	19.0	20.0	21.0	22.0	23.0	24.0	25.0	26.0	27.0	28.0	29.0	30.0	31.0	32.0	33.0	34.0	35.0
13702_32540_179747_H5MH5AFX5_metagenomic_mix_B07_22FN008_CTCTCTAC_AGCTAGAA_R1	9.0	36.0	86.0	147.0	308.0	533.0	941.0	1841.0	3235.0	5255.0	7852.0	11195.0	15212.0	20161.0	27646.0	40673.0	66695.0	132984.0	320575.0	153174.0
	2.0	3.0	4.0	5.0	6.0	7.0	8.0	9.0	10.0	11.0	12.0	13.0	14.0	15.0	16.0	17.0	18.0	19.0	20.0	21.0	22.0	23.0	24.0	25.0	26.0	27.0	28.0	29.0	30.0	31.0	32.0	33.0	34.0	35.0
13702_32540_179747_H5MH5AFX5_metagenomic_mix_B07_22FN008_CTCTCTAC_AGCTAGAA_R2	55.0	26.0	26.0	25.0	28.0	19.0	20.0	21.0	20.0	13.0	18.0	10.0	21.0	130.0	282.0	299.0	508.0	913.0	1589.0	2438.0	3325.0	4637.0	6595.0	9399.0	12643.0	16670.0	22459.0	30316.0	42013.0	60828.0	94769.0	169108.0	277559.0	51776.0
	15.0	16.0	17.0	18.0	19.0	20.0	21.0	22.0	23.0	24.0	25.0	26.0	27.0	28.0	29.0	30.0	31.0	32.0	33.0	34.0	35.0
13702_32540_179748_H5MH5AFX5_metagenomic_mix_C07_22FN018_CTCTCTAC_ACTCTAGG_R1	1.0	28.0	68.0	140.0	261.0	416.0	732.0	1417.0	2445.0	4230.0	6620.0	9733.0	13782.0	18691.0	24928.0	33731.0	49038.0	80218.0	160008.0	384715.0	176963.0
	2.0	3.0	4.0	5.0	6.0	7.0	8.0	9.0	10.0	11.0	12.0	13.0	14.0	15.0	16.0	17.0	18.0	19.0	20.0	21.0	22.0	23.0	24.0	25.0	26.0	27.0	28.0	29.0	30.0	31.0	32.0	33.0	34.0	35.0
13702_32540_179748_H5MH5AFX5_metagenomic_mix_C07_22FN018_CTCTCTAC_ACTCTAGG_R2	63.0	25.0	31.0	26.0	18.0	27.0	24.0	19.0	16.0	16.0	19.0	17.0	34.0	235.0	438.0	503.0	754.0	1386.0	2109.0	2940.0	3916.0	5572.0	8087.0	11288.0	14943.0	20264.0	26695.0	35593.0	48802.0	69932.0	110986.0	202556.0	339158.0	61673.0
	16.0	17.0	18.0	19.0	20.0	21.0	22.0	23.0	24.0	25.0	26.0	27.0	28.0	29.0	30.0	31.0	32.0	33.0	34.0	35.0
13702_32540_179749_H5MH5AFX5_metagenomic_mix_D07_22FN020_CTCTCTAC_TCTTACGC_R1	23.0	79.0	131.0	353.0	662.0	1133.0	1910.0	3021.0	4999.0	8163.0	12136.0	17228.0	23156.0	30659.0	41811.0	60101.0	96870.0	197100.0	524568.0	268013.0
	2.0	3.0	4.0	5.0	6.0	7.0	8.0	9.0	10.0	11.0	12.0	13.0	14.0	15.0	16.0	17.0	18.0	19.0	20.0	21.0	22.0	23.0	24.0	25.0	26.0	27.0	28.0	29.0	30.0	31.0	32.0	33.0	34.0	35.0
13702_32540_179749_H5MH5AFX5_metagenomic_mix_D07_22FN020_CTCTCTAC_TCTTACGC_R2	88.0	47.0	44.0	31.0	38.0	29.0	35.0	31.0	32.0	28.0	21.0	26.0	45.0	291.0	434.0	580.0	825.0	1620.0	2888.0	4138.0	5304.0	7142.0	10000.0	13838.0	18872.0	24758.0	32742.0	43976.0	59972.0	88287.0	142184.0	271413.0	473725.0	88632.0
	16.0	17.0	18.0	19.0	20.0	21.0	22.0	23.0	24.0	25.0	26.0	27.0	28.0	29.0	30.0	31.0	32.0	33.0	34.0	35.0
13702_32540_179750_H5MH5AFX5_metagenomic_mix_E07_22FN021_CTCTCTAC_CTTAATAG_R1	16.0	53.0	117.0	319.0	672.0	1198.0	1839.0	2876.0	4738.0	7718.0	11827.0	16407.0	22322.0	30286.0	41178.0	60901.0	101404.0	205224.0	541970.0	284400.0
	2.0	3.0	4.0	5.0	6.0	7.0	8.0	9.0	10.0	11.0	12.0	13.0	14.0	15.0	16.0	17.0	18.0	19.0	20.0	21.0	22.0	23.0	24.0	25.0	26.0	27.0	28.0	29.0	30.0	31.0	32.0	33.0	34.0	35.0
13702_32540_179750_H5MH5AFX5_metagenomic_mix_E07_22FN021_CTCTCTAC_CTTAATAG_R2	95.0	38.0	43.0	39.0	34.0	37.0	34.0	26.0	14.0	32.0	19.0	24.0	45.0	267.0	477.0	550.0	858.0	1627.0	2932.0	3973.0	4851.0	6574.0	9210.0	12761.0	17993.0	23757.0	31883.0	43686.0	61251.0	89803.0	147150.0	280690.0	497177.0	97515.0
	16.0	17.0	18.0	19.0	20.0	21.0	22.0	23.0	24.0	25.0	26.0	27.0	28.0	29.0	30.0	31.0	32.0	33.0	34.0	35.0
13702_32540_179751_H5MH5AFX5_metagenomic_mix_F07_22FN025_CTCTCTAC_ATAGCCTT_R1	12.0	52.0	125.0	240.0	519.0	943.0	1703.0	2948.0	5048.0	7827.0	11583.0	16256.0	21815.0	28661.0	38768.0	56338.0	91609.0	182803.0	472962.0	236950.0
	2.0	3.0	4.0	5.0	6.0	7.0	8.0	9.0	10.0	11.0	12.0	13.0	14.0	15.0	16.0	17.0	18.0	19.0	20.0	21.0	22.0	23.0	24.0	25.0	26.0	27.0	28.0	29.0	30.0	31.0	32.0	33.0	34.0	35.0
13702_32540_179751_H5MH5AFX5_metagenomic_mix_F07_22FN025_CTCTCTAC_ATAGCCTT_R2	103.0	40.0	34.0	42.0	22.0	26.0	37.0	37.0	20.0	17.0	29.0	23.0	42.0	254.0	374.0	538.0	782.0	1386.0	2440.0	3520.0	4677.0	6534.0	9120.0	12788.0	17491.0	23278.0	30752.0	40940.0	57036.0	82593.0	132608.0	250718.0	423189.0	75672.0
	15.0	16.0	17.0	18.0	19.0	20.0	21.0	22.0	23.0	24.0	25.0	26.0	27.0	28.0	29.0	30.0	31.0	32.0	33.0	34.0	35.0
13702_32540_179752_H5MH5AFX5_metagenomic_mix_G07_22FN028_CTCTCTAC_TAAGGCTC_R1	2.0	9.0	39.0	125.0	236.0	513.0	902.0	1504.0	2880.0	4863.0	7927.0	11641.0	16271.0	21893.0	28802.0	38788.0	55778.0	89329.0	179012.0	459547.0	219439.0
	2.0	3.0	4.0	5.0	6.0	7.0	8.0	9.0	10.0	11.0	12.0	13.0	14.0	15.0	16.0	17.0	18.0	19.0	20.0	21.0	22.0	23.0	24.0	25.0	26.0	27.0	28.0	29.0	30.0	31.0	32.0	33.0	34.0	35.0
13702_32540_179752_H5MH5AFX5_metagenomic_mix_G07_22FN028_CTCTCTAC_TAAGGCTC_R2	85.0	34.0	31.0	37.0	29.0	16.0	24.0	30.0	31.0	14.0	17.0	9.0	41.0	229.0	353.0	429.0	690.0	1304.0	2303.0	3420.0	4488.0	6393.0	8996.0	12676.0	16972.0	22697.0	30256.0	40466.0	55994.0	81589.0	130901.0	245894.0	404325.0	68727.0
	15.0	16.0	17.0	18.0	19.0	20.0	21.0	22.0	23.0	24.0	25.0	26.0	27.0	28.0	29.0	30.0	31.0	32.0	33.0	34.0	35.0
13702_32540_179753_H5MH5AFX5_metagenomic_mix_H07_22FN029_CTCTCTAC_TCGCATAA_R1	2.0	21.0	51.0	125.0	194.0	381.0	702.0	1379.0	2548.0	4317.0	7021.0	9896.0	14191.0	18506.0	24459.0	33517.0	47727.0	78293.0	158698.0	411965.0	209220.0
	2.0	3.0	4.0	5.0	6.0	7.0	8.0	9.0	10.0	11.0	12.0	13.0	14.0	15.0	16.0	17.0	18.0	19.0	20.0	21.0	22.0	23.0	24.0	25.0	26.0	27.0	28.0	29.0	30.0	31.0	32.0	33.0	34.0	35.0
13702_32540_179753_H5MH5AFX5_metagenomic_mix_H07_22FN029_CTCTCTAC_TCGCATAA_R2	73.0	28.0	38.0	26.0	22.0	26.0	28.0	23.0	28.0	19.0	21.0	19.0	33.0	264.0	415.0	529.0	739.0	1252.0	2083.0	2958.0	4005.0	5602.0	7808.0	10811.0	14201.0	18592.0	24508.0	33185.0	45967.0	67415.0	110220.0	212814.0	385593.0	73868.0
	15.0	16.0	17.0	18.0	19.0	20.0	21.0	22.0	23.0	24.0	25.0	26.0	27.0	28.0	29.0	30.0	31.0	32.0	33.0	34.0	35.0
13702_32540_179754_H5MH5AFX5_metagenomic_mix_A08_22FN031_CGAGGCTG_CTAGTCGA_R1	1.0	19.0	83.0	140.0	350.0	617.0	1105.0	1745.0	2743.0	4709.0	7477.0	11308.0	15879.0	21666.0	28498.0	38855.0	56571.0	91443.0	183620.0	461487.0	227696.0
	2.0	3.0	4.0	5.0	6.0	7.0	8.0	9.0	10.0	11.0	12.0	13.0	14.0	15.0	16.0	17.0	18.0	19.0	20.0	21.0	22.0	23.0	24.0	25.0	26.0	27.0	28.0	29.0	30.0	31.0	32.0	33.0	34.0	35.0
13702_32540_179754_H5MH5AFX5_metagenomic_mix_A08_22FN031_CGAGGCTG_CTAGTCGA_R2	93.0	36.0	39.0	29.0	34.0	22.0	38.0	29.0	27.0	23.0	17.0	20.0	38.0	297.0	433.0	575.0	792.0	1614.0	2843.0	3684.0	4445.0	5953.0	8267.0	11600.0	15771.0	21363.0	28636.0	38574.0	54006.0	79782.0	128319.0	243506.0	422644.0	82463.0
	16.0	17.0	18.0	19.0	20.0	21.0	22.0	23.0	24.0	25.0	26.0	27.0	28.0	29.0	30.0	31.0	32.0	33.0	34.0	35.0
13702_32540_179755_H5MH5AFX5_metagenomic_mix_B08_22FN038_CGAGGCTG_AGCTAGAA_R1	15.0	48.0	100.0	208.0	365.0	733.0	1357.0	2439.0	4235.0	6981.0	10574.0	14665.0	20175.0	26413.0	36600.0	52975.0	86992.0	176072.0	466444.0	249429.0
	2.0	3.0	4.0	5.0	6.0	7.0	8.0	9.0	10.0	11.0	12.0	13.0	14.0	15.0	16.0	17.0	18.0	19.0	20.0	21.0	22.0	23.0	24.0	25.0	26.0	27.0	28.0	29.0	30.0	31.0	32.0	33.0	34.0	35.0
13702_32540_179755_H5MH5AFX5_metagenomic_mix_B08_22FN038_CGAGGCTG_AGCTAGAA_R2	82.0	39.0	25.0	36.0	34.0	23.0	18.0	28.0	27.0	28.0	25.0	18.0	32.0	242.0	421.0	529.0	713.0	1324.0	2326.0	3316.0	4470.0	6283.0	8812.0	12201.0	16488.0	21629.0	28557.0	39205.0	53904.0	79095.0	126714.0	238561.0	424561.0	87054.0
	15.0	16.0	17.0	18.0	19.0	20.0	21.0	22.0	23.0	24.0	25.0	26.0	27.0	28.0	29.0	30.0	31.0	32.0	33.0	34.0	35.0
13702_32540_179756_H5MH5AFX5_metagenomic_mix_C08_22FN039_CGAGGCTG_ACTCTAGG_R1	5.0	45.0	116.0	228.0	522.0	1055.0	1908.0	2960.0	4838.0	7437.0	11219.0	15743.0	20886.0	27215.0	35517.0	48331.0	71301.0	116150.0	232333.0	594325.0	298806.0
	2.0	3.0	4.0	5.0	6.0	7.0	8.0	9.0	10.0	11.0	12.0	13.0	14.0	15.0	16.0	17.0	18.0	19.0	20.0	21.0	22.0	23.0	24.0	25.0	26.0	27.0	28.0	29.0	30.0	31.0	32.0	33.0	34.0	35.0
13702_32540_179756_H5MH5AFX5_metagenomic_mix_C08_22FN039_CGAGGCTG_ACTCTAGG_R2	126.0	42.0	43.0	30.0	39.0	33.0	22.0	40.0	30.0	30.0	23.0	29.0	83.0	564.0	868.0	975.0	1537.0	2777.0	4351.0	4969.0	5525.0	6974.0	9255.0	12687.0	16473.0	22208.0	28854.0	38615.0	53671.0	80816.0	138673.0	298668.0	626711.0	135199.0
	15.0	16.0	17.0	18.0	19.0	20.0	21.0	22.0	23.0	24.0	25.0	26.0	27.0	28.0	29.0	30.0	31.0	32.0	33.0	34.0	35.0
13702_32540_179757_H5MH5AFX5_metagenomic_mix_D08_22FN057_CGAGGCTG_TCTTACGC_R1	3.0	11.0	45.0	116.0	324.0	721.0	1396.0	2278.0	3983.0	6344.0	9844.0	14044.0	18638.0	24429.0	31829.0	41647.0	59534.0	93976.0	188237.0	521539.0	288480.0
	2.0	3.0	4.0	5.0	6.0	7.0	8.0	9.0	10.0	11.0	12.0	13.0	14.0	15.0	16.0	17.0	18.0	19.0	20.0	21.0	22.0	23.0	24.0	25.0	26.0	27.0	28.0	29.0	30.0	31.0	32.0	33.0	34.0	35.0
13702_32540_179757_H5MH5AFX5_metagenomic_mix_D08_22FN057_CGAGGCTG_TCTTACGC_R2	98.0	63.0	41.0	46.0	30.0	25.0	38.0	25.0	33.0	28.0	19.0	23.0	37.0	307.0	518.0	559.0	877.0	1708.0	3039.0	4016.0	4987.0	6548.0	8856.0	12180.0	16079.0	21074.0	27111.0	36469.0	49960.0	73444.0	124062.0	260244.0	538762.0	116112.0
	16.0	17.0	18.0	19.0	20.0	21.0	22.0	23.0	24.0	25.0	26.0	27.0	28.0	29.0	30.0	31.0	32.0	33.0	34.0	35.0
13702_32540_179758_H5MH5AFX5_metagenomic_mix_E08_22FN058_CGAGGCTG_CTTAATAG_R1	32.0	98.0	251.0	543.0	1144.0	1873.0	3055.0	4621.0	7201.0	10658.0	15303.0	20693.0	26904.0	34911.0	47298.0	67788.0	109112.0	217303.0	576756.0	314916.0
	2.0	3.0	4.0	5.0	6.0	7.0	8.0	9.0	10.0	11.0	12.0	13.0	14.0	15.0	16.0	17.0	18.0	19.0	20.0	21.0	22.0	23.0	24.0	25.0	26.0	27.0	28.0	29.0	30.0	31.0	32.0	33.0	34.0	35.0
13702_32540_179758_H5MH5AFX5_metagenomic_mix_E08_22FN058_CGAGGCTG_CTTAATAG_R2	125.0	57.0	39.0	42.0	45.0	32.0	35.0	39.0	36.0	41.0	25.0	22.0	65.0	527.0	731.0	973.0	1427.0	2664.0	4310.0	5422.0	6319.0	7956.0	10521.0	14133.0	18506.0	24262.0	31778.0	42166.0	58271.0	86923.0	144201.0	293370.0	580183.0	125214.0
	15.0	16.0	17.0	18.0	19.0	20.0	21.0	22.0	23.0	24.0	25.0	26.0	27.0	28.0	29.0	30.0	31.0	32.0	33.0	34.0	35.0
13702_32540_179759_H5MH5AFX5_metagenomic_mix_F08_22FN061_CGAGGCTG_ATAGCCTT_R1	1.0	15.0	57.0	111.0	179.0	397.0	879.0	1732.0	3328.0	5653.0	8994.0	13524.0	18477.0	24717.0	31739.0	42063.0	59333.0	93116.0	181769.0	465880.0	246950.0
	2.0	3.0	4.0	5.0	6.0	7.0	8.0	9.0	10.0	11.0	12.0	13.0	14.0	15.0	16.0	17.0	18.0	19.0	20.0	21.0	22.0	23.0	24.0	25.0	26.0	27.0	28.0	29.0	30.0	31.0	32.0	33.0	34.0	35.0
13702_32540_179759_H5MH5AFX5_metagenomic_mix_F08_22FN061_CGAGGCTG_ATAGCCTT_R2	78.0	48.0	40.0	43.0	31.0	32.0	28.0	26.0	22.0	22.0	27.0	26.0	38.0	262.0	377.0	489.0	689.0	1239.0	2402.0	3602.0	5405.0	7891.0	11723.0	16528.0	21579.0	28420.0	36093.0	46356.0	61275.0	86265.0	133084.0	243087.0	412582.0	79105.0
	15.0	16.0	17.0	18.0	19.0	20.0	21.0	22.0	23.0	24.0	25.0	26.0	27.0	28.0	29.0	30.0	31.0	32.0	33.0	34.0	35.0
13702_32540_179760_H5MH5AFX5_metagenomic_mix_G08_22FN062_CGAGGCTG_TAAGGCTC_R1	3.0	10.0	70.0	97.0	175.0	313.0	564.0	1147.0	2110.0	3866.0	6429.0	9678.0	13777.0	18712.0	24842.0	33551.0	48575.0	79024.0	155419.0	372804.0	177361.0
	2.0	3.0	4.0	5.0	6.0	7.0	8.0	9.0	10.0	11.0	12.0	13.0	14.0	15.0	16.0	17.0	18.0	19.0	20.0	21.0	22.0	23.0	24.0	25.0	26.0	27.0	28.0	29.0	30.0	31.0	32.0	33.0	34.0	35.0
13702_32540_179760_H5MH5AFX5_metagenomic_mix_G08_22FN062_CGAGGCTG_TAAGGCTC_R2	55.0	30.0	29.0	30.0	27.0	30.0	26.0	23.0	17.0	18.0	8.0	11.0	32.0	253.0	400.0	487.0	700.0	1198.0	2001.0	2937.0	4026.0	5619.0	8249.0	11372.0	15577.0	20628.0	27491.0	36657.0	50333.0	72905.0	113294.0	201120.0	316509.0	56435.0
	15.0	16.0	17.0	18.0	19.0	20.0	21.0	22.0	23.0	24.0	25.0	26.0	27.0	28.0	29.0	30.0	31.0	32.0	33.0	34.0	35.0
13702_32540_179761_H5MH5AFX5_metagenomic_mix_H08_22FN063_CGAGGCTG_TCGCATAA_R1	4.0	35.0	121.0	297.0	483.0	780.0	1260.0	2137.0	3531.0	5755.0	8895.0	12773.0	17602.0	23313.0	29984.0	39523.0	55916.0	88864.0	172316.0	415023.0	199351.0
	2.0	3.0	4.0	5.0	6.0	7.0	8.0	9.0	10.0	11.0	12.0	13.0	14.0	15.0	16.0	17.0	18.0	19.0	20.0	21.0	22.0	23.0	24.0	25.0	26.0	27.0	28.0	29.0	30.0	31.0	32.0	33.0	34.0	35.0
13702_32540_179761_H5MH5AFX5_metagenomic_mix_H08_22FN063_CGAGGCTG_TCGCATAA_R2	78.0	31.0	33.0	27.0	25.0	21.0	29.0	25.0	22.0	24.0	18.0	17.0	36.0	278.0	498.0	681.0	1102.0	1784.0	2869.0	4093.0	5443.0	7687.0	11174.0	14937.0	19763.0	25385.0	32378.0	41901.0	55671.0	78533.0	122217.0	219507.0	364146.0	67530.0
	15.0	16.0	17.0	18.0	19.0	20.0	21.0	22.0	23.0	24.0	25.0	26.0	27.0	28.0	29.0	30.0	31.0	32.0	33.0	34.0	35.0
13702_32540_179762_H5MH5AFX5_metagenomic_mix_A09_22FN064_AAGAGGCA_CTAGTCGA_R1	2.0	22.0	50.0	89.0	196.0	440.0	822.0	1754.0	3407.0	5958.0	9412.0	13886.0	19920.0	26687.0	35081.0	47869.0	69312.0	111331.0	219060.0	523748.0	235331.0
	2.0	3.0	4.0	5.0	6.0	7.0	8.0	9.0	10.0	11.0	12.0	13.0	14.0	15.0	16.0	17.0	18.0	19.0	20.0	21.0	22.0	23.0	24.0	25.0	26.0	27.0	28.0	29.0	30.0	31.0	32.0	33.0	34.0	35.0
13702_32540_179762_H5MH5AFX5_metagenomic_mix_A09_22FN064_AAGAGGCA_CTAGTCGA_R2	81.0	43.0	41.0	35.0	31.0	38.0	23.0	32.0	32.0	27.0	21.0	12.0	39.0	276.0	439.0	573.0	862.0	1511.0	2807.0	4065.0	5431.0	7518.0	10402.0	14547.0	19624.0	26627.0	35699.0	47862.0	66548.0	97341.0	153725.0	282276.0	462313.0	83476.0
	15.0	16.0	17.0	18.0	19.0	20.0	21.0	22.0	23.0	24.0	25.0	26.0	27.0	28.0	29.0	30.0	31.0	32.0	33.0	34.0	35.0
13702_32540_179763_H5MH5AFX5_metagenomic_mix_B09_22FN065_AAGAGGCA_AGCTAGAA_R1	5.0	24.0	111.0	277.0	433.0	731.0	1265.0	2243.0	3666.0	6081.0	9278.0	13339.0	18341.0	24148.0	31674.0	42458.0	60689.0	97083.0	189366.0	461828.0	215206.0
	2.0	3.0	4.0	5.0	6.0	7.0	8.0	9.0	10.0	11.0	12.0	13.0	14.0	15.0	16.0	17.0	18.0	19.0	20.0	21.0	22.0	23.0	24.0	25.0	26.0	27.0	28.0	29.0	30.0	31.0	32.0	33.0	34.0	35.0
13702_32540_179763_H5MH5AFX5_metagenomic_mix_B09_22FN065_AAGAGGCA_AGCTAGAA_R2	83.0	35.0	43.0	26.0	31.0	25.0	27.0	27.0	33.0	23.0	25.0	17.0	38.0	290.0	493.0	653.0	1003.0	1666.0	2797.0	3990.0	5380.0	7623.0	10424.0	14375.0	18426.0	24948.0	32455.0	42843.0	58997.0	85262.0	134493.0	245595.0	410903.0	75197.0
	16.0	17.0	18.0	19.0	20.0	21.0	22.0	23.0	24.0	25.0	26.0	27.0	28.0	29.0	30.0	31.0	32.0	33.0	34.0	35.0
13702_32540_179764_H5MH5AFX5_metagenomic_mix_C09_22FN066_AAGAGGCA_ACTCTAGG_R1	19.0	110.0	223.0	431.0	757.0	1230.0	2134.0	3648.0	5864.0	9102.0	12990.0	17892.0	23283.0	30724.0	40929.0	58098.0	92520.0	182171.0	493914.0	267126.0
	2.0	3.0	4.0	5.0	6.0	7.0	8.0	9.0	10.0	11.0	12.0	13.0	14.0	15.0	16.0	17.0	18.0	19.0	20.0	21.0	22.0	23.0	24.0	25.0	26.0	27.0	28.0	29.0	30.0	31.0	32.0	33.0	34.0	35.0
13702_32540_179764_H5MH5AFX5_metagenomic_mix_C09_22FN066_AAGAGGCA_ACTCTAGG_R2	70.0	34.0	49.0	35.0	34.0	22.0	39.0	28.0	29.0	25.0	27.0	19.0	35.0	210.0	338.0	496.0	800.0	1404.0	2589.0	3580.0	4900.0	6781.0	9777.0	13066.0	17006.0	22508.0	29178.0	38930.0	52746.0	77469.0	126999.0	252293.0	481509.0	100140.0
	15.0	16.0	17.0	18.0	19.0	20.0	21.0	22.0	23.0	24.0	25.0	26.0	27.0	28.0	29.0	30.0	31.0	32.0	33.0	34.0	35.0
13702_32540_179765_H5MH5AFX5_metagenomic_mix_D09_22FN070_AAGAGGCA_TCTTACGC_R1	2.0	58.0	206.0	432.0	731.0	1155.0	1893.0	2976.0	4734.0	7004.0	10081.0	13696.0	17834.0	22914.0	29108.0	38059.0	52971.0	81997.0	153324.0	344499.0	148461.0
	2.0	3.0	4.0	5.0	6.0	7.0	8.0	9.0	10.0	11.0	12.0	13.0	14.0	15.0	16.0	17.0	18.0	19.0	20.0	21.0	22.0	23.0	24.0	25.0	26.0	27.0	28.0	29.0	30.0	31.0	32.0	33.0	34.0	35.0
13702_32540_179765_H5MH5AFX5_metagenomic_mix_D09_22FN070_AAGAGGCA_TCTTACGC_R2	59.0	18.0	32.0	22.0	20.0	29.0	13.0	21.0	32.0	17.0	23.0	17.0	32.0	318.0	668.0	965.0	1433.0	2188.0	3335.0	4634.0	6175.0	8246.0	11025.0	14206.0	18451.0	23077.0	28787.0	37641.0	50304.0	70724.0	108562.0	192419.0	297854.0	50788.0
	15.0	16.0	17.0	18.0	19.0	20.0	21.0	22.0	23.0	24.0	25.0	26.0	27.0	28.0	29.0	30.0	31.0	32.0	33.0	34.0	35.0
13702_32540_179766_H5MH5AFX5_metagenomic_mix_E09_22FN071_AAGAGGCA_CTTAATAG_R1	5.0	64.0	141.0	226.0	308.0	517.0	869.0	1578.0	2765.0	4751.0	7188.0	10420.0	14502.0	19637.0	26540.0	36551.0	54466.0	89518.0	172681.0	362211.0	139468.0
	2.0	3.0	4.0	5.0	6.0	7.0	8.0	9.0	10.0	11.0	12.0	13.0	14.0	15.0	16.0	17.0	18.0	19.0	20.0	21.0	22.0	23.0	24.0	25.0	26.0	27.0	28.0	29.0	30.0	31.0	32.0	33.0	34.0	35.0
13702_32540_179766_H5MH5AFX5_metagenomic_mix_E09_22FN071_AAGAGGCA_CTTAATAG_R2	79.0	29.0	34.0	30.0	20.0	25.0	19.0	29.0	11.0	26.0	19.0	11.0	50.0	484.0	851.0	1045.0	1206.0	1702.0	2090.0	2664.0	3728.0	5193.0	7437.0	10503.0	14280.0	18875.0	25295.0	34766.0	49659.0	72088.0	115498.0	209412.0	316973.0	50275.0
	15.0	16.0	17.0	18.0	19.0	20.0	21.0	22.0	23.0	24.0	25.0	26.0	27.0	28.0	29.0	30.0	31.0	32.0	33.0	34.0	35.0
13702_32540_179767_H5MH5AFX5_metagenomic_mix_F09_22FN072_AAGAGGCA_ATAGCCTT_R1	6.0	33.0	82.0	179.0	308.0	714.0	1314.0	2350.0	4374.0	7340.0	11409.0	16298.0	22236.0	29048.0	38044.0	50815.0	72117.0	113968.0	224576.0	596461.0	311659.0
	2.0	3.0	4.0	5.0	6.0	7.0	8.0	9.0	10.0	11.0	12.0	13.0	14.0	15.0	16.0	17.0	18.0	19.0	20.0	21.0	22.0	23.0	24.0	25.0	26.0	27.0	28.0	29.0	30.0	31.0	32.0	33.0	34.0	35.0
13702_32540_179767_H5MH5AFX5_metagenomic_mix_F09_22FN072_AAGAGGCA_ATAGCCTT_R2	123.0	37.0	47.0	49.0	47.0	29.0	33.0	30.0	40.0	41.0	21.0	26.0	40.0	279.0	470.0	573.0	856.0	1683.0	3198.0	4605.0	6150.0	8761.0	12694.0	16788.0	22201.0	28589.0	37492.0	49591.0	68372.0	99986.0	163187.0	314453.0	556421.0	106419.0
	15.0	16.0	17.0	18.0	19.0	20.0	21.0	22.0	23.0	24.0	25.0	26.0	27.0	28.0	29.0	30.0	31.0	32.0	33.0	34.0	35.0
13702_32540_179768_H5MH5AFX5_metagenomic_mix_G09_22FN073_AAGAGGCA_TAAGGCTC_R1	1.0	13.0	65.0	106.0	218.0	470.0	996.0	1991.0	3726.0	6497.0	10067.0	14815.0	20464.0	27256.0	35281.0	46838.0	66010.0	103649.0	201299.0	492509.0	222741.0
	2.0	3.0	4.0	5.0	6.0	7.0	8.0	9.0	10.0	11.0	12.0	13.0	14.0	15.0	16.0	17.0	18.0	19.0	20.0	21.0	22.0	23.0	24.0	25.0	26.0	27.0	28.0	29.0	30.0	31.0	32.0	33.0	34.0	35.0
13702_32540_179768_H5MH5AFX5_metagenomic_mix_G09_22FN073_AAGAGGCA_TAAGGCTC_R2	85.0	44.0	34.0	34.0	33.0	36.0	29.0	39.0	30.0	22.0	31.0	21.0	32.0	292.0	412.0	565.0	793.0	1448.0	2650.0	3924.0	5617.0	8171.0	11834.0	16433.0	22368.0	28956.0	36930.0	48163.0	65249.0	93614.0	146108.0	267218.0	423666.0	70131.0
	15.0	16.0	17.0	18.0	19.0	20.0	21.0	22.0	23.0	24.0	25.0	26.0	27.0	28.0	29.0	30.0	31.0	32.0	33.0	34.0	35.0
13702_32540_179769_H5MH5AFX5_metagenomic_mix_H09_22FN081_AAGAGGCA_TCGCATAA_R1	1.0	28.0	90.0	206.0	344.0	583.0	966.0	1582.0	2827.0	4767.0	7263.0	10722.0	14806.0	19748.0	26280.0	35659.0	51412.0	82851.0	164954.0	408331.0	188083.0
	2.0	3.0	4.0	5.0	6.0	7.0	8.0	9.0	10.0	11.0	12.0	13.0	14.0	15.0	16.0	17.0	18.0	19.0	20.0	21.0	22.0	23.0	24.0	25.0	26.0	27.0	28.0	29.0	30.0	31.0	32.0	33.0	34.0	35.0
13702_32540_179769_H5MH5AFX5_metagenomic_mix_H09_22FN081_AAGAGGCA_TCGCATAA_R2	85.0	28.0	26.0	28.0	21.0	15.0	32.0	28.0	21.0	20.0	18.0	17.0	29.0	238.0	498.0	579.0	845.0	1388.0	2299.0	3224.0	4414.0	5993.0	8264.0	11364.0	15087.0	19870.0	26343.0	35933.0	49240.0	71934.0	115651.0	217428.0	364992.0	65551.0
	15.0	16.0	17.0	18.0	19.0	20.0	21.0	22.0	23.0	24.0	25.0	26.0	27.0	28.0	29.0	30.0	31.0	32.0	33.0	34.0	35.0
13702_32540_179770_H5MH5AFX5_metagenomic_mix_A10_22FN082_GTAGAGGA_CTAGTCGA_R1	2.0	22.0	64.0	191.0	444.0	1022.0	1827.0	2968.0	4758.0	7448.0	11097.0	15803.0	21050.0	27573.0	37687.0	54392.0	74229.0	109610.0	201739.0	517653.0	264011.0
	2.0	3.0	4.0	5.0	6.0	7.0	8.0	9.0	10.0	11.0	12.0	13.0	14.0	15.0	16.0	17.0	18.0	19.0	20.0	21.0	22.0	23.0	24.0	25.0	26.0	27.0	28.0	29.0	30.0	31.0	32.0	33.0	34.0	35.0
13702_32540_179770_H5MH5AFX5_metagenomic_mix_A10_22FN082_GTAGAGGA_CTAGTCGA_R2	90.0	41.0	55.0	38.0	32.0	31.0	30.0	33.0	28.0	25.0	31.0	30.0	60.0	476.0	710.0	736.0	1221.0	2543.0	4040.0	4856.0	5235.0	6663.0	8585.0	11802.0	15298.0	20431.0	26466.0	35871.0	49621.0	74264.0	126368.0	267841.0	563707.0	126332.0
	15.0	16.0	17.0	18.0	19.0	20.0	21.0	22.0	23.0	24.0	25.0	26.0	27.0	28.0	29.0	30.0	31.0	32.0	33.0	34.0	35.0
13702_32540_179771_H5MH5AFX5_metagenomic_mix_B10_22FN083_GTAGAGGA_AGCTAGAA_R1	4.0	14.0	50.0	154.0	359.0	898.0	1630.0	2859.0	4599.0	7590.0	11419.0	16189.0	21833.0	28851.0	39307.0	55150.0	78961.0	121463.0	236048.0	649605.0	353740.0
	2.0	3.0	4.0	5.0	6.0	7.0	8.0	9.0	10.0	11.0	12.0	13.0	14.0	15.0	16.0	17.0	18.0	19.0	20.0	21.0	22.0	23.0	24.0	25.0	26.0	27.0	28.0	29.0	30.0	31.0	32.0	33.0	34.0	35.0
13702_32540_179771_H5MH5AFX5_metagenomic_mix_B10_22FN083_GTAGAGGA_AGCTAGAA_R2	125.0	52.0	59.0	49.0	43.0	47.0	42.0	40.0	47.0	34.0	29.0	27.0	58.0	390.0	542.0	593.0	998.0	2110.0	3492.0	4534.0	5326.0	6968.0	9500.0	13130.0	17114.0	23026.0	30109.0	40600.0	56668.0	85816.0	147881.0	321485.0	698884.0	160905.0
	15.0	16.0	17.0	18.0	19.0	20.0	21.0	22.0	23.0	24.0	25.0	26.0	27.0	28.0	29.0	30.0	31.0	32.0	33.0	34.0	35.0
13702_32540_179772_H5MH5AFX5_metagenomic_mix_C10_22FN093_GTAGAGGA_ACTCTAGG_R1	9.0	64.0	164.0	364.0	620.0	972.0	1605.0	2501.0	3951.0	6473.0	9450.0	13424.0	18348.0	24089.0	31821.0	43455.0	62365.0	100702.0	196011.0	466786.0	221365.0
	2.0	3.0	4.0	5.0	6.0	7.0	8.0	9.0	10.0	11.0	12.0	13.0	14.0	15.0	16.0	17.0	18.0	19.0	20.0	21.0	22.0	23.0	24.0	25.0	26.0	27.0	28.0	29.0	30.0	31.0	32.0	33.0	34.0	35.0
13702_32540_179772_H5MH5AFX5_metagenomic_mix_C10_22FN093_GTAGAGGA_ACTCTAGG_R2	70.0	37.0	36.0	39.0	33.0	40.0	28.0	31.0	26.0	18.0	20.0	14.0	54.0	398.0	792.0	1010.0	1324.0	2199.0	3209.0	4270.0	5503.0	7679.0	10532.0	14120.0	18901.0	24599.0	32084.0	42370.0	58699.0	85054.0	134801.0	250163.0	425051.0	81335.0
	15.0	16.0	17.0	18.0	19.0	20.0	21.0	22.0	23.0	24.0	25.0	26.0	27.0	28.0	29.0	30.0	31.0	32.0	33.0	34.0	35.0
13702_32540_179773_H5MH5AFX5_metagenomic_mix_D10_22FN096_GTAGAGGA_TCTTACGC_R1	2.0	22.0	68.0	130.0	296.0	628.0	1090.0	1873.0	3296.0	5645.0	8857.0	13169.0	18137.0	24464.0	32676.0	44651.0	63870.0	101737.0	200630.0	519216.0	260349.0
	2.0	3.0	4.0	5.0	6.0	7.0	8.0	9.0	10.0	11.0	12.0	13.0	14.0	15.0	16.0	17.0	18.0	19.0	20.0	21.0	22.0	23.0	24.0	25.0	26.0	27.0	28.0	29.0	30.0	31.0	32.0	33.0	34.0	35.0
13702_32540_179773_H5MH5AFX5_metagenomic_mix_D10_22FN096_GTAGAGGA_TCTTACGC_R2	90.0	45.0	42.0	35.0	29.0	28.0	31.0	23.0	30.0	32.0	21.0	21.0	30.0	213.0	391.0	515.0	752.0	1347.0	2616.0	3972.0	5590.0	7994.0	11164.0	15560.0	20444.0	26649.0	35515.0	46881.0	64918.0	92553.0	146369.0	268554.0	459612.0	88740.0
	15.0	16.0	17.0	18.0	19.0	20.0	21.0	22.0	23.0	24.0	25.0	26.0	27.0	28.0	29.0	30.0	31.0	32.0	33.0	34.0	35.0
13702_32540_179774_H5MH5AFX5_metagenomic_mix_E10_22FN098_GTAGAGGA_CTTAATAG_R1	2.0	9.0	27.0	124.0	477.0	1133.0	1896.0	2733.0	4150.0	6247.0	8910.0	12327.0	16426.0	21520.0	29805.0	44190.0	60410.0	86163.0	154080.0	445849.0	284433.0
	2.0	3.0	4.0	5.0	6.0	7.0	8.0	9.0	10.0	11.0	12.0	13.0	14.0	15.0	16.0	17.0	18.0	19.0	20.0	21.0	22.0	23.0	24.0	25.0	26.0	27.0	28.0	29.0	30.0	31.0	32.0	33.0	34.0	35.0
13702_32540_179774_H5MH5AFX5_metagenomic_mix_E10_22FN098_GTAGAGGA_CTTAATAG_R2	85.0	37.0	54.0	46.0	33.0	26.0	27.0	36.0	32.0	26.0	18.0	20.0	38.0	296.0	369.0	421.0	699.0	1862.0	3555.0	4387.0	4582.0	5141.0	6772.0	9063.0	12060.0	15425.0	20019.0	26613.0	36720.0	54715.0	94337.0	213618.0	529679.0	140100.0
	15.0	16.0	17.0	18.0	19.0	20.0	21.0	22.0	23.0	24.0	25.0	26.0	27.0	28.0	29.0	30.0	31.0	32.0	33.0	34.0	35.0
13702_32540_179775_H5MH5AFX5_metagenomic_mix_F10_22FN100_GTAGAGGA_ATAGCCTT_R1	7.0	54.0	130.0	184.0	296.0	526.0	1004.0	1963.0	3539.0	5961.0	9600.0	13749.0	18825.0	25006.0	33576.0	46629.0	67980.0	111854.0	220911.0	520202.0	230493.0
	2.0	3.0	4.0	5.0	6.0	7.0	8.0	9.0	10.0	11.0	12.0	13.0	14.0	15.0	16.0	17.0	18.0	19.0	20.0	21.0	22.0	23.0	24.0	25.0	26.0	27.0	28.0	29.0	30.0	31.0	32.0	33.0	34.0	35.0
13702_32540_179775_H5MH5AFX5_metagenomic_mix_F10_22FN100_GTAGAGGA_ATAGCCTT_R2	81.0	38.0	53.0	45.0	34.0	35.0	28.0	28.0	25.0	27.0	29.0	16.0	41.0	420.0	756.0	892.0	1217.0	1735.0	2590.0	3564.0	5192.0	7438.0	10311.0	14333.0	19161.0	25342.0	33510.0	45401.0	63391.0	93712.0	152250.0	284266.0	465215.0	81313.0
	16.0	17.0	18.0	19.0	20.0	21.0	22.0	23.0	24.0	25.0	26.0	27.0	28.0	29.0	30.0	31.0	32.0	33.0	34.0	35.0
13702_32540_179776_H5MH5AFX5_metagenomic_mix_G10_22FN102_GTAGAGGA_TAAGGCTC_R1	4.0	39.0	162.0	461.0	1001.0	1790.0	2884.0	4246.0	6483.0	9545.0	13094.0	17325.0	23051.0	32914.0	51131.0	67128.0	88888.0	146938.0	401985.0	248054.0
	2.0	3.0	4.0	5.0	6.0	7.0	8.0	9.0	10.0	11.0	12.0	13.0	14.0	15.0	16.0	17.0	18.0	19.0	20.0	21.0	22.0	23.0	24.0	25.0	26.0	27.0	28.0	29.0	30.0	31.0	32.0	33.0	34.0	35.0
13702_32540_179776_H5MH5AFX5_metagenomic_mix_G10_22FN102_GTAGAGGA_TAAGGCTC_R2	83.0	42.0	37.0	33.0	21.0	20.0	34.0	29.0	16.0	19.0	21.0	21.0	26.0	278.0	406.0	476.0	844.0	1844.0	3558.0	4312.0	4569.0	5363.0	6910.0	9409.0	12521.0	16117.0	20778.0	27679.0	37729.0	56063.0	94294.0	208485.0	486375.0	118711.0
	16.0	17.0	18.0	19.0	20.0	21.0	22.0	23.0	24.0	25.0	26.0	27.0	28.0	29.0	30.0	31.0	32.0	33.0	34.0	35.0
13702_32540_179777_H5MH5AFX5_metagenomic_mix_H10_22FN103_GTAGAGGA_TCGCATAA_R1	31.0	133.0	273.0	412.0	757.0	1322.0	2491.0	4061.0	6583.0	9676.0	13714.0	18401.0	24412.0	32169.0	42658.0	59682.0	94460.0	187374.0	499808.0	258395.0
	2.0	3.0	4.0	5.0	6.0	7.0	8.0	9.0	10.0	11.0	12.0	13.0	14.0	15.0	16.0	17.0	18.0	19.0	20.0	21.0	22.0	23.0	24.0	25.0	26.0	27.0	28.0	29.0	30.0	31.0	32.0	33.0	34.0	35.0
13702_32540_179777_H5MH5AFX5_metagenomic_mix_H10_22FN103_GTAGAGGA_TCGCATAA_R2	88.0	42.0	54.0	40.0	18.0	29.0	28.0	33.0	25.0	24.0	16.0	19.0	39.0	265.0	531.0	734.0	1045.0	1713.0	2964.0	4540.0	6270.0	8561.0	11372.0	15413.0	20043.0	25991.0	33313.0	43762.0	58968.0	84161.0	133510.0	254266.0	459309.0	89626.0
	15.0	16.0	17.0	18.0	19.0	20.0	21.0	22.0	23.0	24.0	25.0	26.0	27.0	28.0	29.0	30.0	31.0	32.0	33.0	34.0	35.0
13702_32540_179778_H5MH5AFX5_metagenomic_mix_A11_FN011_GCTCATGA_CTAGTCGA_R1	2.0	27.0	69.0	154.0	258.0	447.0	791.0	1451.0	2647.0	4624.0	7365.0	11139.0	15843.0	21249.0	28562.0	39442.0	56689.0	92128.0	179028.0	419853.0	184145.0
	2.0	3.0	4.0	5.0	6.0	7.0	8.0	9.0	10.0	11.0	12.0	13.0	14.0	15.0	16.0	17.0	18.0	19.0	20.0	21.0	22.0	23.0	24.0	25.0	26.0	27.0	28.0	29.0	30.0	31.0	32.0	33.0	34.0	35.0
13702_32540_179778_H5MH5AFX5_metagenomic_mix_A11_FN011_GCTCATGA_CTAGTCGA_R2	67.0	27.0	23.0	32.0	22.0	24.0	27.0	28.0	18.0	24.0	20.0	17.0	35.0	276.0	517.0	578.0	843.0	1483.0	2361.0	3251.0	4078.0	5777.0	8098.0	11297.0	15297.0	20647.0	27992.0	38068.0	53175.0	78158.0	123958.0	227807.0	374631.0	67257.0
	15.0	16.0	17.0	18.0	19.0	20.0	21.0	22.0	23.0	24.0	25.0	26.0	27.0	28.0	29.0	30.0	31.0	32.0	33.0	34.0	35.0
13702_32540_179779_H5MH5AFX5_metagenomic_mix_B11_FN021_GCTCATGA_AGCTAGAA_R1	1.0	19.0	63.0	102.0	189.0	368.0	676.0	1186.0	2196.0	3733.0	6092.0	9069.0	12986.0	17315.0	23681.0	32428.0	47373.0	76775.0	150889.0	357284.0	164213.0
	2.0	3.0	4.0	5.0	6.0	7.0	8.0	9.0	10.0	11.0	12.0	13.0	14.0	15.0	16.0	17.0	18.0	19.0	20.0	21.0	22.0	23.0	24.0	25.0	26.0	27.0	28.0	29.0	30.0	31.0	32.0	33.0	34.0	35.0
13702_32540_179779_H5MH5AFX5_metagenomic_mix_B11_FN021_GCTCATGA_AGCTAGAA_R2	76.0	30.0	20.0	33.0	25.0	19.0	21.0	25.0	24.0	17.0	18.0	18.0	25.0	226.0	415.0	447.0	679.0	1208.0	2092.0	2843.0	3765.0	5115.0	7080.0	10090.0	13390.0	18210.0	24677.0	33022.0	45746.0	66609.0	104934.0	190406.0	315731.0	59602.0
	15.0	16.0	17.0	18.0	19.0	20.0	21.0	22.0	23.0	24.0	25.0	26.0	27.0	28.0	29.0	30.0	31.0	32.0	33.0	34.0	35.0
13702_32540_179780_H5MH5AFX5_metagenomic_mix_C11_FN026_GCTCATGA_ACTCTAGG_R1	2.0	11.0	56.0	114.0	222.0	359.0	703.0	1284.0	2447.0	4250.0	6742.0	10121.0	14548.0	19490.0	26615.0	36458.0	53084.0	85322.0	170965.0	421938.0	206697.0
	2.0	3.0	4.0	5.0	6.0	7.0	8.0	9.0	10.0	11.0	12.0	13.0	14.0	15.0	16.0	17.0	18.0	19.0	20.0	21.0	22.0	23.0	24.0	25.0	26.0	27.0	28.0	29.0	30.0	31.0	32.0	33.0	34.0	35.0
13702_32540_179780_H5MH5AFX5_metagenomic_mix_C11_FN026_GCTCATGA_ACTCTAGG_R2	73.0	33.0	37.0	35.0	27.0	14.0	25.0	22.0	20.0	22.0	18.0	14.0	28.0	280.0	427.0	510.0	777.0	1346.0	2262.0	3238.0	4395.0	6082.0	8622.0	12099.0	16475.0	21726.0	29033.0	39036.0	53948.0	77549.0	122096.0	220926.0	370114.0	70119.0
	15.0	16.0	17.0	18.0	19.0	20.0	21.0	22.0	23.0	24.0	25.0	26.0	27.0	28.0	29.0	30.0	31.0	32.0	33.0	34.0	35.0
13702_32540_179781_H5MH5AFX5_metagenomic_mix_D11_FN030_GCTCATGA_TCTTACGC_R1	2.0	17.0	48.0	81.0	140.0	285.0	531.0	1020.0	1853.0	3339.0	5272.0	7923.0	11386.0	15099.0	20445.0	27884.0	40176.0	64939.0	126613.0	301211.0	123517.0
	2.0	3.0	4.0	5.0	6.0	7.0	8.0	9.0	10.0	11.0	12.0	13.0	14.0	15.0	16.0	17.0	18.0	19.0	20.0	21.0	22.0	23.0	24.0	25.0	26.0	27.0	28.0	29.0	30.0	31.0	32.0	33.0	34.0	35.0
13702_32540_179781_H5MH5AFX5_metagenomic_mix_D11_FN030_GCTCATGA_TCTTACGC_R2	55.0	21.0	18.0	27.0	17.0	17.0	19.0	20.0	16.0	24.0	13.0	15.0	25.0	186.0	317.0	406.0	577.0	974.0	1691.0	2392.0	3346.0	4821.0	6766.0	9613.0	12723.0	16696.0	22324.0	29561.0	41122.0	58984.0	91588.0	161442.0	247347.0	38618.0
	16.0	17.0	18.0	19.0	20.0	21.0	22.0	23.0	24.0	25.0	26.0	27.0	28.0	29.0	30.0	31.0	32.0	33.0	34.0	35.0
13702_32540_179782_H5MH5AFX5_metagenomic_mix_E11_FN054_GCTCATGA_CTTAATAG_R1	16.0	60.0	127.0	214.0	359.0	642.0	1175.0	2236.0	3729.0	5931.0	8838.0	12585.0	17114.0	23112.0	32187.0	45962.0	74969.0	147243.0	358857.0	176102.0
	2.0	3.0	4.0	5.0	6.0	7.0	8.0	9.0	10.0	11.0	12.0	13.0	14.0	15.0	16.0	17.0	18.0	19.0	20.0	21.0	22.0	23.0	24.0	25.0	26.0	27.0	28.0	29.0	30.0	31.0	32.0	33.0	34.0	35.0
13702_32540_179782_H5MH5AFX5_metagenomic_mix_E11_FN054_GCTCATGA_CTTAATAG_R2	58.0	26.0	28.0	21.0	30.0	26.0	19.0	13.0	17.0	23.0	12.0	16.0	33.0	219.0	408.0	506.0	704.0	1190.0	2108.0	2817.0	3854.0	5277.0	7257.0	10294.0	14065.0	18614.0	24892.0	33611.0	46404.0	66772.0	104243.0	189479.0	317708.0	60714.0
	20.0	21.0	22.0	23.0	24.0	25.0	26.0	27.0	28.0	29.0	30.0	31.0	32.0	33.0	34.0	35.0
13702_32540_179783_H5MH5AFX5_metagenomic_mix_F11_FN062_GCTCATGA_ATAGCCTT_R1	1.0	2.0	1.0	3.0	3.0	2.0	4.0	2.0	3.0	5.0	3.0	7.0	3.0	4.0	11.0	7.0
	17.0	18.0	19.0	20.0	21.0	22.0	23.0	24.0	25.0	26.0	27.0	28.0	29.0	30.0	31.0	32.0	33.0	34.0
13702_32540_179783_H5MH5AFX5_metagenomic_mix_F11_FN062_GCTCATGA_ATAGCCTT_R2	1.0	0.0	2.0	2.0	2.0	3.0	4.0	3.0	5.0	2.0	2.0	3.0	2.0	4.0	4.0	3.0	6.0	13.0
	15.0	16.0	17.0	18.0	19.0	20.0	21.0	22.0	23.0	24.0	25.0	26.0	27.0	28.0	29.0	30.0	31.0	32.0	33.0	34.0	35.0
13702_32540_179784_H5MH5AFX5_metagenomic_mix_G11_FN106_GCTCATGA_TAAGGCTC_R1	2.0	31.0	68.0	176.0	294.0	432.0	630.0	1232.0	2232.0	3939.0	6147.0	9210.0	13329.0	18183.0	24625.0	34002.0	49216.0	79819.0	159711.0	391814.0	184399.0
	2.0	3.0	4.0	5.0	6.0	7.0	8.0	9.0	10.0	11.0	12.0	13.0	14.0	15.0	16.0	17.0	18.0	19.0	20.0	21.0	22.0	23.0	24.0	25.0	26.0	27.0	28.0	29.0	30.0	31.0	32.0	33.0	34.0	35.0
13702_32540_179784_H5MH5AFX5_metagenomic_mix_G11_FN106_GCTCATGA_TAAGGCTC_R2	85.0	32.0	24.0	25.0	22.0	16.0	28.0	17.0	21.0	14.0	19.0	19.0	34.0	225.0	359.0	485.0	706.0	1205.0	2057.0	2822.0	3654.0	4875.0	7095.0	10031.0	13636.0	18515.0	25094.0	34044.0	48217.0	70494.0	112908.0	209463.0	348584.0	64666.0
	15.0	16.0	17.0	18.0	19.0	20.0	21.0	22.0	23.0	24.0	25.0	26.0	27.0	28.0	29.0	30.0	31.0	32.0	33.0	34.0	35.0
13702_32540_179785_H5MH5AFX5_metagenomic_mix_H11_FN116_GCTCATGA_TCGCATAA_R1	3.0	23.0	68.0	75.0	127.0	199.0	436.0	923.0	1752.0	3233.0	5403.0	8073.0	11535.0	15614.0	21350.0	29866.0	43568.0	69910.0	137698.0	319446.0	132745.0
	2.0	3.0	4.0	5.0	6.0	7.0	8.0	9.0	10.0	11.0	12.0	13.0	14.0	15.0	16.0	17.0	18.0	19.0	20.0	21.0	22.0	23.0	24.0	25.0	26.0	27.0	28.0	29.0	30.0	31.0	32.0	33.0	34.0	35.0
13702_32540_179785_H5MH5AFX5_metagenomic_mix_H11_FN116_GCTCATGA_TCGCATAA_R2	52.0	32.0	28.0	22.0	9.0	20.0	26.0	21.0	15.0	19.0	7.0	14.0	28.0	231.0	394.0	470.0	600.0	1070.0	1726.0	2295.0	3108.0	4342.0	6323.0	8719.0	12344.0	16272.0	21934.0	29837.0	41341.0	59970.0	94558.0	172413.0	277565.0	46242.0
	16.0	17.0	18.0	19.0	20.0	21.0	22.0	23.0	24.0	25.0	26.0	27.0	28.0	29.0	30.0	31.0	32.0	33.0	34.0	35.0
13702_32540_179786_H5MH5AFX5_metagenomic_mix_A12_FN131_ATCTCAGG_CTAGTCGA_R1	8.0	42.0	92.0	147.0	244.0	496.0	983.0	2007.0	3546.0	5891.0	8984.0	12845.0	17683.0	24201.0	34017.0	49967.0	81580.0	164996.0	409925.0	198908.0
	2.0	3.0	4.0	5.0	6.0	7.0	8.0	9.0	10.0	11.0	12.0	13.0	14.0	15.0	16.0	17.0	18.0	19.0	20.0	21.0	22.0	23.0	24.0	25.0	26.0	27.0	28.0	29.0	30.0	31.0	32.0	33.0	34.0	35.0
13702_32540_179786_H5MH5AFX5_metagenomic_mix_A12_FN131_ATCTCAGG_CTAGTCGA_R2	81.0	29.0	36.0	26.0	22.0	22.0	32.0	15.0	28.0	23.0	23.0	25.0	32.0	250.0	377.0	455.0	647.0	1189.0	2171.0	2886.0	3740.0	4854.0	6787.0	9817.0	13598.0	18494.0	25187.0	34907.0	48935.0	71848.0	114750.0	213971.0	368887.0	72418.0
	15.0	16.0	17.0	18.0	19.0	20.0	21.0	22.0	23.0	24.0	25.0	26.0	27.0	28.0	29.0	30.0	31.0	32.0	33.0	34.0	35.0
13702_32540_179787_H5MH5AFX5_metagenomic_mix_B12_FN136_ATCTCAGG_AGCTAGAA_R1	1.0	24.0	66.0	143.0	198.0	318.0	554.0	1007.0	1779.0	2927.0	4811.0	7075.0	10271.0	13763.0	18820.0	26187.0	38763.0	64892.0	126681.0	279012.0	108499.0
	2.0	3.0	4.0	5.0	6.0	7.0	8.0	9.0	10.0	11.0	12.0	13.0	14.0	15.0	16.0	17.0	18.0	19.0	20.0	21.0	22.0	23.0	24.0	25.0	26.0	27.0	28.0	29.0	30.0	31.0	32.0	33.0	34.0	35.0
13702_32540_179787_H5MH5AFX5_metagenomic_mix_B12_FN136_ATCTCAGG_AGCTAGAA_R2	46.0	22.0	14.0	19.0	14.0	23.0	18.0	12.0	17.0	13.0	11.0	14.0	22.0	271.0	438.0	513.0	698.0	1167.0	1671.0	2279.0	2986.0	4111.0	5946.0	8242.0	11035.0	15029.0	20086.0	27384.0	38065.0	55525.0	86193.0	151959.0	234196.0	37752.0
	15.0	16.0	17.0	18.0	19.0	20.0	21.0	22.0	23.0	24.0	25.0	26.0	27.0	28.0	29.0	30.0	31.0	32.0	33.0	34.0	35.0
13702_32540_179788_H5MH5AFX5_metagenomic_mix_C12_FN142_ATCTCAGG_ACTCTAGG_R1	1.0	13.0	46.0	108.0	232.0	489.0	943.0	1534.0	2618.0	4157.0	6761.0	9952.0	14155.0	19263.0	25465.0	34874.0	50925.0	83982.0	168743.0	444457.0	236158.0
	2.0	3.0	4.0	5.0	6.0	7.0	8.0	9.0	10.0	11.0	12.0	13.0	14.0	15.0	16.0	17.0	18.0	19.0	20.0	21.0	22.0	23.0	24.0	25.0	26.0	27.0	28.0	29.0	30.0	31.0	32.0	33.0	34.0	35.0
13702_32540_179788_H5MH5AFX5_metagenomic_mix_C12_FN142_ATCTCAGG_ACTCTAGG_R2	91.0	38.0	26.0	22.0	33.0	22.0	30.0	22.0	29.0	28.0	27.0	17.0	32.0	232.0	365.0	433.0	664.0	1283.0	2358.0	3446.0	4630.0	6196.0	8636.0	11760.0	15719.0	21576.0	28563.0	38175.0	52846.0	76858.0	121665.0	227813.0	400381.0	80860.0
	15.0	16.0	17.0	18.0	19.0	20.0	21.0	22.0	23.0	24.0	25.0	26.0	27.0	28.0	29.0	30.0	31.0	32.0	33.0	34.0	35.0
13702_32540_179789_H5MH5AFX5_metagenomic_mix_D12_FN144_ATCTCAGG_TCTTACGC_R1	3.0	42.0	140.0	229.0	434.0	807.0	1465.0	2550.0	4191.0	6501.0	10275.0	14800.0	20081.0	26593.0	35690.0	48880.0	69243.0	108973.0	208849.0	479517.0	206889.0
	2.0	3.0	4.0	5.0	6.0	7.0	8.0	9.0	10.0	11.0	12.0	13.0	14.0	15.0	16.0	17.0	18.0	19.0	20.0	21.0	22.0	23.0	24.0	25.0	26.0	27.0	28.0	29.0	30.0	31.0	32.0	33.0	34.0	35.0
13702_32540_179789_H5MH5AFX5_metagenomic_mix_D12_FN144_ATCTCAGG_TCTTACGC_R2	90.0	45.0	52.0	34.0	35.0	31.0	30.0	33.0	38.0	16.0	25.0	22.0	46.0	540.0	894.0	1051.0	1620.0	2767.0	4196.0	5140.0	6568.0	8673.0	11632.0	15173.0	20351.0	26312.0	33808.0	44785.0	61924.0	88793.0	141205.0	264115.0	431666.0	74442.0
	15.0	16.0	17.0	18.0	19.0	20.0	21.0	22.0	23.0	24.0	25.0	26.0	27.0	28.0	29.0	30.0	31.0	32.0	33.0	34.0	35.0
13702_32540_179790_H5MH5AFX5_metagenomic_mix_E12_FN150_ATCTCAGG_CTTAATAG_R1	2.0	16.0	44.0	46.0	122.0	234.0	483.0	945.0	1820.0	3277.0	5537.0	8375.0	12222.0	16786.0	22602.0	31721.0	47069.0	78902.0	164325.0	416082.0	194105.0
	2.0	3.0	4.0	5.0	6.0	7.0	8.0	9.0	10.0	11.0	12.0	13.0	14.0	15.0	16.0	17.0	18.0	19.0	20.0	21.0	22.0	23.0	24.0	25.0	26.0	27.0	28.0	29.0	30.0	31.0	32.0	33.0	34.0	35.0
13702_32540_179790_H5MH5AFX5_metagenomic_mix_E12_FN150_ATCTCAGG_CTTAATAG_R2	76.0	33.0	34.0	33.0	18.0	16.0	29.0	19.0	25.0	20.0	11.0	14.0	36.0	244.0	384.0	410.0	615.0	1173.0	2073.0	2993.0	3849.0	5277.0	7573.0	10689.0	14771.0	19634.0	26796.0	36394.0	50678.0	73764.0	116137.0	213479.0	355376.0	62042.0
	16.0	17.0	18.0	19.0	20.0	21.0	22.0	23.0	24.0	25.0	26.0	27.0	28.0	29.0	30.0	31.0	32.0	33.0	34.0	35.0
13702_32540_179791_H5MH5AFX5_metagenomic_mix_F12_FN153_ATCTCAGG_ATAGCCTT_R1	11.0	39.0	96.0	164.0	327.0	621.0	1113.0	2123.0	3678.0	5819.0	8910.0	12687.0	17273.0	22783.0	31559.0	46253.0	74748.0	149637.0	372351.0	189473.0
	2.0	3.0	4.0	5.0	6.0	7.0	8.0	9.0	10.0	11.0	12.0	13.0	14.0	15.0	16.0	17.0	18.0	19.0	20.0	21.0	22.0	23.0	24.0	25.0	26.0	27.0	28.0	29.0	30.0	31.0	32.0	33.0	34.0	35.0
13702_32540_179791_H5MH5AFX5_metagenomic_mix_F12_FN153_ATCTCAGG_ATAGCCTT_R2	63.0	29.0	34.0	22.0	21.0	23.0	19.0	24.0	21.0	18.0	16.0	15.0	25.0	174.0	277.0	352.0	513.0	1008.0	1844.0	2694.0	3912.0	5696.0	8259.0	11165.0	15159.0	20071.0	26725.0	36503.0	49794.0	71306.0	110707.0	195411.0	317807.0	59958.0
	15.0	16.0	17.0	18.0	19.0	20.0	21.0	22.0	23.0	24.0	25.0	26.0	27.0	28.0	29.0	30.0	31.0	32.0	33.0	34.0	35.0
13702_32540_179792_H5MH5AFX5_metagenomic_mix_G12_FN174_ATCTCAGG_TAAGGCTC_R1	4.0	34.0	89.0	180.0	282.0	624.0	1122.0	1724.0	2899.0	4675.0	7216.0	10867.0	15369.0	20304.0	27710.0	37959.0	54890.0	89373.0	176270.0	435200.0	209513.0
	2.0	3.0	4.0	5.0	6.0	7.0	8.0	9.0	10.0	11.0	12.0	13.0	14.0	15.0	16.0	17.0	18.0	19.0	20.0	21.0	22.0	23.0	24.0	25.0	26.0	27.0	28.0	29.0	30.0	31.0	32.0	33.0	34.0	35.0
13702_32540_179792_H5MH5AFX5_metagenomic_mix_G12_FN174_ATCTCAGG_TAAGGCTC_R2	86.0	43.0	44.0	41.0	28.0	20.0	20.0	23.0	17.0	14.0	15.0	19.0	42.0	321.0	509.0	654.0	886.0	1619.0	2753.0	3656.0	4579.0	5834.0	8180.0	11456.0	15419.0	21044.0	28307.0	38145.0	53120.0	78047.0	125353.0	234233.0	391136.0	70641.0
	16.0	17.0	18.0	19.0	20.0	21.0	22.0	23.0	24.0	25.0	26.0	27.0	28.0	29.0	30.0	31.0	32.0	33.0	34.0	35.0
13702_32540_179793_H5MH5AFX5_metagenomic_mix_H12_FN176_ATCTCAGG_TCGCATAA_R1	6.0	37.0	75.0	138.0	233.0	408.0	806.0	1516.0	2695.0	4405.0	6748.0	9521.0	12884.0	17288.0	24120.0	35148.0	56557.0	111347.0	254947.0	108678.0
	2.0	3.0	4.0	5.0	6.0	7.0	8.0	9.0	10.0	11.0	12.0	13.0	14.0	15.0	16.0	17.0	18.0	19.0	20.0	21.0	22.0	23.0	24.0	25.0	26.0	27.0	28.0	29.0	30.0	31.0	32.0	33.0	34.0	35.0
13702_32540_179793_H5MH5AFX5_metagenomic_mix_H12_FN176_ATCTCAGG_TCGCATAA_R2	45.0	20.0	23.0	24.0	12.0	8.0	16.0	15.0	15.0	7.0	13.0	13.0	27.0	159.0	262.0	327.0	475.0	908.0	1573.0	2084.0	2902.0	4317.0	6032.0	8464.0	11195.0	14955.0	19873.0	26828.0	36080.0	51369.0	77470.0	135531.0	211087.0	35428.0

