Sample	1.0	2.0	3.0	4.0	5.0	6.0	7.0	8.0	9.0	>10	>50	>100	>500	>1k	>5k	>10k+
13702_32540_179738_H5MH5AFX5_metagenomic_mix_A06_22FN006_TAGGCATG_CTAGTCGA_R1										0.8549360835670283	0.01358186523796261	0.0	0.0	0.0	0.0	0.0
13702_32540_179738_H5MH5AFX5_metagenomic_mix_A06_22FN006_TAGGCATG_CTAGTCGA_R2										0.8237279388205478	0.008210058957141712	0.019972270911183358	0.0	0.0	0.26324684830951806	0.0
13702_32540_179739_H5MH5AFX5_metagenomic_mix_B06_22FN059_TAGGCATG_AGCTAGAA_R1										0.6688336142655311	0.028239481194207633	0.014045314232586951	0.0	0.0	0.0	0.0
13702_32540_179739_H5MH5AFX5_metagenomic_mix_B06_22FN059_TAGGCATG_AGCTAGAA_R2										0.6179324889782958	0.021444262625368766	0.031482741248624005	0.0	0.0	0.26400090650371805	0.0
13702_32540_179740_H5MH5AFX5_metagenomic_mix_C06_22FN068_TAGGCATG_ACTCTAGG_R1										0.0	0.0	0.0	0.0	0.0	0.0	0.0
13702_32540_179740_H5MH5AFX5_metagenomic_mix_C06_22FN068_TAGGCATG_ACTCTAGG_R2										0.0	0.22165085557230252	0.0	0.0	0.0	0.0	0.0
13702_32540_179741_H5MH5AFX5_metagenomic_mix_D06_FN051_TAGGCATG_TCTTACGC_R1										0.8823851249227792	0.02165952043851109	0.01814287246707891	0.0	0.0	0.0	0.0
13702_32540_179741_H5MH5AFX5_metagenomic_mix_D06_FN051_TAGGCATG_TCTTACGC_R2										0.8964703196293407	0.01975083659109455	0.028314409195252768	0.0	0.2849337160100154	0.0	0.0
13702_32540_179742_H5MH5AFX5_metagenomic_mix_E06_FN053_TAGGCATG_CTTAATAG_R1										0.11602819930862074	0.021486119297900903	0.021636125954273288	0.11138850964471296	0.0	0.0	0.0
13702_32540_179742_H5MH5AFX5_metagenomic_mix_E06_FN053_TAGGCATG_CTTAATAG_R2										0.13279516681701023	0.012368149083485425	0.04217270797852014	0.1076460074411338	0.29180243662682026	0.0	0.0
13702_32540_179743_H5MH5AFX5_metagenomic_mix_F06_FN075_TAGGCATG_ATAGCCTT_R1										0.45563683189169724	0.07522915788673176	0.0	0.0	0.0	0.0	0.0
13702_32540_179743_H5MH5AFX5_metagenomic_mix_F06_FN075_TAGGCATG_ATAGCCTT_R2										0.41641776211261633	0.060199215212782986	0.0186427872454555	0.0	0.30515634003141495	0.0	0.0
13702_32540_179744_H5MH5AFX5_metagenomic_mix_G06_FN118_TAGGCATG_TAAGGCTC_R1										0.2668754649516344	0.023025378200591726	0.006632677099515474	0.0	0.0	0.0	0.0
13702_32540_179744_H5MH5AFX5_metagenomic_mix_G06_FN118_TAGGCATG_TAAGGCTC_R2										0.2564917833975576	0.01721411950092147	0.03513636572657173	0.0	0.22380760867609278	0.0	0.0
13702_32540_179745_H5MH5AFX5_metagenomic_mix_H06_FN128_TAGGCATG_TCGCATAA_R1										0.45280308450923273	0.017158656459904206	0.0	0.0	0.0	0.0	0.0
13702_32540_179745_H5MH5AFX5_metagenomic_mix_H06_FN128_TAGGCATG_TCGCATAA_R2										0.4368278890919297	0.007427855785039212	0.019202434068418817	0.0	0.0	0.27516396519648345	0.0
13702_32540_179746_H5MH5AFX5_metagenomic_mix_A07_FN140_CTCTCTAC_CTAGTCGA_R1										0.0	0.0	0.0	0.0	0.0	0.0	0.0
13702_32540_179746_H5MH5AFX5_metagenomic_mix_A07_FN140_CTCTCTAC_CTAGTCGA_R2										0.0	0.0	0.0	0.0	0.0	0.0	0.0
13702_32540_179747_H5MH5AFX5_metagenomic_mix_B07_22FN008_CTCTCTAC_AGCTAGAA_R1										0.10952104439109563	0.0	0.0	0.0	0.0	0.0	0.0
13702_32540_179747_H5MH5AFX5_metagenomic_mix_B07_22FN008_CTCTCTAC_AGCTAGAA_R2										0.10894545370002219	0.0	0.020061263054405882	0.0	0.1836664704484116	0.0	0.0
13702_32540_179748_H5MH5AFX5_metagenomic_mix_C07_22FN018_CTCTCTAC_ACTCTAGG_R1										0.13294889900632578	0.006357175441099041	0.0	0.0	0.0	0.0	0.0
13702_32540_179748_H5MH5AFX5_metagenomic_mix_C07_22FN018_CTCTCTAC_ACTCTAGG_R2										0.13574549382056578	0.0	0.017910439737939213	0.0	0.19774375036248001	0.0	0.0
13702_32540_179749_H5MH5AFX5_metagenomic_mix_D07_22FN020_CTCTCTAC_TCTTACGC_R1										0.29088357112387525	0.008886925237229625	0.06081573969946139	0.0	0.0	0.0	0.0
13702_32540_179749_H5MH5AFX5_metagenomic_mix_D07_22FN020_CTCTCTAC_TCTTACGC_R2										0.2958750482682658	0.033395702978828906	0.042590741852825596	0.0	0.22317236710793775	0.0	0.0
13702_32540_179750_H5MH5AFX5_metagenomic_mix_E07_22FN021_CTCTCTAC_CTTAATAG_R1										0.4900429862827195	0.01548605988329222	0.05179902566241615	0.0	0.0	0.0	0.0
13702_32540_179750_H5MH5AFX5_metagenomic_mix_E07_22FN021_CTCTCTAC_CTTAATAG_R2										0.49642333191955523	0.02900242454282979	0.04313829598665916	0.0	0.21372721426665278	0.0	0.0
13702_32540_179751_H5MH5AFX5_metagenomic_mix_F07_22FN025_CTCTCTAC_ATAGCCTT_R1										0.49500442739985717	0.016967878907623052	0.010969133839271467	0.0	0.0	0.0	0.0
13702_32540_179751_H5MH5AFX5_metagenomic_mix_F07_22FN025_CTCTCTAC_ATAGCCTT_R2										0.4964468698789489	0.008130118026032432	0.02190852857541371	0.0	0.2130090922820497	0.0	0.0
13702_32540_179752_H5MH5AFX5_metagenomic_mix_G07_22FN028_CTCTCTAC_TAAGGCTC_R1										0.31687057160913656	0.02142825181433123	0.010359939926763446	0.0	0.0	0.0	0.0
13702_32540_179752_H5MH5AFX5_metagenomic_mix_G07_22FN028_CTCTCTAC_TAAGGCTC_R2										0.33596919017828697	0.012826908115058695	0.019815361501883778	0.0	0.1975343849719039	0.0	0.0
13702_32540_179753_H5MH5AFX5_metagenomic_mix_H07_22FN029_CTCTCTAC_TCGCATAA_R1										0.09278108785639613	0.0	0.0	0.0	0.0	0.0	0.0
13702_32540_179753_H5MH5AFX5_metagenomic_mix_H07_22FN029_CTCTCTAC_TCGCATAA_R2										0.08102824084597791	0.0	0.02008713099750374	0.0	0.22893421357449117	0.0	0.0
13702_32540_179754_H5MH5AFX5_metagenomic_mix_A08_22FN031_CGAGGCTG_CTAGTCGA_R1										0.19828844918440344	0.004714367484750758	0.07019169366184462	0.0	0.0	0.0	0.0
13702_32540_179754_H5MH5AFX5_metagenomic_mix_A08_22FN031_CGAGGCTG_CTAGTCGA_R2										0.1729101295960174	0.014647321692872972	0.07027226955033104	0.0	0.19137423283247723	0.0	0.0
13702_32540_179755_H5MH5AFX5_metagenomic_mix_B08_22FN038_CGAGGCTG_AGCTAGAA_R1										0.3492598305944383	0.0832634296097216	0.017896708657421	0.0	0.0	0.0	0.0
13702_32540_179755_H5MH5AFX5_metagenomic_mix_B08_22FN038_CGAGGCTG_AGCTAGAA_R2										0.36039694270182043	0.0809817599919913	0.028940736617159433	0.0	0.19378089608417295	0.0	0.0
13702_32540_179756_H5MH5AFX5_metagenomic_mix_C08_22FN039_CGAGGCTG_ACTCTAGG_R1										0.24692556267306245	0.004536030802212279	0.12037407113930496	0.0	0.0	0.0	0.0
13702_32540_179756_H5MH5AFX5_metagenomic_mix_C08_22FN039_CGAGGCTG_ACTCTAGG_R2										0.20111501137788754	0.004668342056008158	0.09133712718276832	0.0	0.30540429044667866	0.0	0.0
13702_32540_179757_H5MH5AFX5_metagenomic_mix_D08_22FN057_CGAGGCTG_TCTTACGC_R1										1.1161671202531516	0.019607215876169683	0.05512019608251748	0.0	0.0	0.0	0.0
13702_32540_179757_H5MH5AFX5_metagenomic_mix_D08_22FN057_CGAGGCTG_TCTTACGC_R2										1.1409623026739781	0.03563770765190766	0.033739387038137725	0.0	0.18390668175021527	0.0	0.0
13702_32540_179758_H5MH5AFX5_metagenomic_mix_E08_22FN058_CGAGGCTG_CTTAATAG_R1										0.5230740229864755	0.01972612555151957	0.058186069626014546	0.0	0.0	0.0	0.0
13702_32540_179758_H5MH5AFX5_metagenomic_mix_E08_22FN058_CGAGGCTG_CTTAATAG_R2										0.49092186346853944	0.02907903503928434	0.040881699709481197	0.0	0.22277764064659852	0.0	0.0
13702_32540_179759_H5MH5AFX5_metagenomic_mix_F08_22FN061_CGAGGCTG_ATAGCCTT_R1										1.3525409895549432	0.2058240852977454	0.2769227366913859	0.0	0.0	0.0	0.0
13702_32540_179759_H5MH5AFX5_metagenomic_mix_F08_22FN061_CGAGGCTG_ATAGCCTT_R2										1.2736691018767443	0.185882733351493	0.3189476125210843	0.0	0.1672960973904105	0.0	0.0
13702_32540_179760_H5MH5AFX5_metagenomic_mix_G08_22FN062_CGAGGCTG_TAAGGCTC_R1										0.1149582473830694	0.0	0.0	0.0	0.0	0.0	0.0
13702_32540_179760_H5MH5AFX5_metagenomic_mix_G08_22FN062_CGAGGCTG_TAAGGCTC_R2										0.09115283590373591	0.0	0.018605712900625952	0.0	0.19488155283912784	0.0	0.0
13702_32540_179761_H5MH5AFX5_metagenomic_mix_H08_22FN063_CGAGGCTG_TCGCATAA_R1										0.4650658671141382	0.11749123227006257	0.08363217554410067	0.0	0.0	0.0	0.0
13702_32540_179761_H5MH5AFX5_metagenomic_mix_H08_22FN063_CGAGGCTG_TCGCATAA_R2										0.42182331994942485	0.1279226683645388	0.09967118383649133	0.0	0.17603896412811282	0.0	0.0
13702_32540_179762_H5MH5AFX5_metagenomic_mix_A09_22FN064_AAGAGGCA_CTAGTCGA_R1										1.83268699774282	0.0645995236006693	0.02873474261042171	0.0	0.0	0.0	0.0
13702_32540_179762_H5MH5AFX5_metagenomic_mix_A09_22FN064_AAGAGGCA_CTAGTCGA_R2										1.7406649724417083	0.06317228154272932	0.029549910140576553	0.0	0.16260066533538903	0.0	0.0
13702_32540_179763_H5MH5AFX5_metagenomic_mix_B09_22FN065_AAGAGGCA_AGCTAGAA_R1										1.7214298138914848	0.012253833683029328	0.013282127418668153	0.0	0.0	0.0	0.0
13702_32540_179763_H5MH5AFX5_metagenomic_mix_B09_22FN065_AAGAGGCA_AGCTAGAA_R2										1.658553261272117	0.01696763298382704	0.030250375976216895	0.0	0.13274173480781862	0.0	0.0
13702_32540_179764_H5MH5AFX5_metagenomic_mix_C09_22FN066_AAGAGGCA_ACTCTAGG_R1										0.9516968717821773	0.042071969241459006	0.03752364824238236	0.0	0.0	0.0	0.0
13702_32540_179764_H5MH5AFX5_metagenomic_mix_C09_22FN066_AAGAGGCA_ACTCTAGG_R2										0.902921213059681	0.04366765269162193	0.05699853065014913	0.0	0.10993733689501697	0.0	0.0
13702_32540_179765_H5MH5AFX5_metagenomic_mix_D09_22FN070_AAGAGGCA_TCTTACGC_R1										0.7828408123533893	0.0815212155090962	0.039299072018329245	0.0	0.0	0.0	0.0
13702_32540_179765_H5MH5AFX5_metagenomic_mix_D09_22FN070_AAGAGGCA_TCTTACGC_R2										0.7503492453011948	0.06210518971745892	0.05572155523430548	0.0	0.18187948417255825	0.0	0.0
13702_32540_179766_H5MH5AFX5_metagenomic_mix_E09_22FN071_AAGAGGCA_CTTAATAG_R1										0.05878566979239627	0.0	0.0	0.0	0.0	0.0	0.0
13702_32540_179766_H5MH5AFX5_metagenomic_mix_E09_22FN071_AAGAGGCA_CTTAATAG_R2										0.06776593693160755	0.0	0.021880340605524837	0.0	0.14846611601114656	0.0	0.0
13702_32540_179767_H5MH5AFX5_metagenomic_mix_F09_22FN072_AAGAGGCA_ATAGCCTT_R1										1.1884924191671624	0.5763872501865257	1.0616740304416281	0.170037143013843	0.0	0.0	0.0
13702_32540_179767_H5MH5AFX5_metagenomic_mix_F09_22FN072_AAGAGGCA_ATAGCCTT_R2										1.1855743794215945	0.6121876460218596	0.9814239154931995	0.1643430042572955	0.1447319878113902	0.0	0.0
13702_32540_179768_H5MH5AFX5_metagenomic_mix_G09_22FN073_AAGAGGCA_TAAGGCTC_R1										1.896575602481911	0.1709157967370773	0.40030824895580647	0.05540626426889327	0.0	0.0	0.0
13702_32540_179768_H5MH5AFX5_metagenomic_mix_G09_22FN073_AAGAGGCA_TAAGGCTC_R2										1.9003530602132255	0.20014557949710904	0.3996397322985489	0.05310853700228002	0.15723662165425414	0.0	0.0
13702_32540_179769_H5MH5AFX5_metagenomic_mix_H09_22FN081_AAGAGGCA_TCGCATAA_R1										0.09333960733446119	0.0058263518229733245	0.0	0.0	0.0	0.0	0.0
13702_32540_179769_H5MH5AFX5_metagenomic_mix_H09_22FN081_AAGAGGCA_TCGCATAA_R2										0.06733633114271262	0.0	0.019949134536378105	0.0	0.15554399452869067	0.0	0.0
13702_32540_179770_H5MH5AFX5_metagenomic_mix_A10_22FN082_GTAGAGGA_CTAGTCGA_R1										0.6370843416957035	0.013568453706864969	0.05914886415658671	0.0	0.0	0.0	0.0
13702_32540_179770_H5MH5AFX5_metagenomic_mix_A10_22FN082_GTAGAGGA_CTAGTCGA_R2										0.6411430539455156	0.03291452499513806	0.044432951670152196	0.0	0.0	0.3886392232491667	0.0
13702_32540_179771_H5MH5AFX5_metagenomic_mix_B10_22FN083_GTAGAGGA_AGCTAGAA_R1										5.072354730139817	0.23846679521786093	0.05517268774327918	0.0	0.0	0.0	0.0
13702_32540_179771_H5MH5AFX5_metagenomic_mix_B10_22FN083_GTAGAGGA_AGCTAGAA_R2										5.0054653991167815	0.2625815862876683	0.05267176576874899	0.0	0.2243495750877818	0.0	0.0
13702_32540_179772_H5MH5AFX5_metagenomic_mix_C10_22FN093_GTAGAGGA_ACTCTAGG_R1										0.3130378562739605	0.02164923046769408	0.010821269406339954	0.0	0.0	0.0	0.0
13702_32540_179772_H5MH5AFX5_metagenomic_mix_C10_22FN093_GTAGAGGA_ACTCTAGG_R2										0.25590394925956184	0.016416932442433696	0.03166122685326498	0.0	0.15428566101511665	0.0	0.0
13702_32540_179773_H5MH5AFX5_metagenomic_mix_D10_22FN096_GTAGAGGA_TCTTACGC_R1										0.0651751590047833	0.016609785630448577	0.008848203560145504	0.0	0.0	0.0	0.0
13702_32540_179773_H5MH5AFX5_metagenomic_mix_D10_22FN096_GTAGAGGA_TCTTACGC_R2										0.05682865736306201	0.010825517836824883	0.01868969119713196	0.0	0.11586057530504211	0.0	0.0
13702_32540_179774_H5MH5AFX5_metagenomic_mix_E10_22FN098_GTAGAGGA_CTTAATAG_R1										0.645139963629391	0.016844853402462046	0.09260394027850963	0.047370806015045556	0.0	0.0	0.0
13702_32540_179774_H5MH5AFX5_metagenomic_mix_E10_22FN098_GTAGAGGA_CTTAATAG_R2										0.5914338985131399	0.014499553377777741	0.12457558379338131	0.0	0.27522910379608406	0.0	0.0
13702_32540_179775_H5MH5AFX5_metagenomic_mix_F10_22FN100_GTAGAGGA_ATAGCCTT_R1										0.4233862361705516	0.03683159955199714	0.021362693250003336	0.0	0.0	0.0	0.0
13702_32540_179775_H5MH5AFX5_metagenomic_mix_F10_22FN100_GTAGAGGA_ATAGCCTT_R2										0.3841696198278392	0.030392302011657595	0.031877886924106306	0.0	0.13826553364672614	0.0	0.0
13702_32540_179776_H5MH5AFX5_metagenomic_mix_G10_22FN102_GTAGAGGA_TAAGGCTC_R1										0.08720131237588469	0.01734314905161788	0.13504170745921212	0.0	0.0	0.0	0.0
13702_32540_179776_H5MH5AFX5_metagenomic_mix_G10_22FN102_GTAGAGGA_TAAGGCTC_R2										0.09927983424035801	0.0	0.1130055036181091	0.0	0.41498583822669316	0.0	0.0
13702_32540_179777_H5MH5AFX5_metagenomic_mix_H10_22FN103_GTAGAGGA_TCGCATAA_R1										0.24304244749033943	0.07003209109893367	0.008920288503524776	0.0	0.0	0.0	0.0
13702_32540_179777_H5MH5AFX5_metagenomic_mix_H10_22FN103_GTAGAGGA_TCGCATAA_R2										0.26152997654139026	0.06645607542666304	0.030423927398282837	0.0	0.14642016774265937	0.0	0.0
13702_32540_179778_H5MH5AFX5_metagenomic_mix_A11_FN011_GCTCATGA_CTAGTCGA_R1										0.05747720993792844	0.0	0.0	0.0	0.0	0.0	0.0
13702_32540_179778_H5MH5AFX5_metagenomic_mix_A11_FN011_GCTCATGA_CTAGTCGA_R2										0.06265424933436925	0.0	0.01571059175042001	0.0	0.19448955450068148	0.0	0.0
13702_32540_179779_H5MH5AFX5_metagenomic_mix_B11_FN021_GCTCATGA_AGCTAGAA_R1										0.07010832790725621	0.0	0.0	0.0	0.0	0.0	0.0
13702_32540_179779_H5MH5AFX5_metagenomic_mix_B11_FN021_GCTCATGA_AGCTAGAA_R2										0.06271507700096803	0.0	0.019355629903726263	0.0	0.18888425043981147	0.0	0.0
13702_32540_179780_H5MH5AFX5_metagenomic_mix_C11_FN026_GCTCATGA_ACTCTAGG_R1										0.19935479109384527	0.0	0.0	0.0	0.0	0.0	0.0
13702_32540_179780_H5MH5AFX5_metagenomic_mix_C11_FN026_GCTCATGA_ACTCTAGG_R2										0.17630922368144364	0.0	0.01926581928892195	0.0	0.16722351520729295	0.0	0.0
13702_32540_179781_H5MH5AFX5_metagenomic_mix_D11_FN030_GCTCATGA_TCTTACGC_R1										0.011916614160439104	0.0	0.0	0.0	0.0	0.0	0.0
13702_32540_179781_H5MH5AFX5_metagenomic_mix_D11_FN030_GCTCATGA_TCTTACGC_R2										0.02219230676295185	0.0	0.021462672445797016	0.0	0.15640922544874575	0.0	0.0
13702_32540_179782_H5MH5AFX5_metagenomic_mix_E11_FN054_GCTCATGA_CTTAATAG_R1										0.049916352809529094	0.0	0.0	0.0	0.0	0.0	0.0
13702_32540_179782_H5MH5AFX5_metagenomic_mix_E11_FN054_GCTCATGA_CTTAATAG_R2										0.04315275711271945	0.0	0.018368026335843758	0.0	0.20669562165877192	0.0	0.0
13702_32540_179783_H5MH5AFX5_metagenomic_mix_F11_FN062_GCTCATGA_ATAGCCTT_R1										0.0	0.0	0.0	0.0	0.0	0.0	0.0
13702_32540_179783_H5MH5AFX5_metagenomic_mix_F11_FN062_GCTCATGA_ATAGCCTT_R2										0.0	0.0	0.0	0.0	0.0	0.0	0.0
13702_32540_179784_H5MH5AFX5_metagenomic_mix_G11_FN106_GCTCATGA_TAAGGCTC_R1										0.13713021286837357	0.017728234648971813	0.0	0.0	0.0	0.0	0.0
13702_32540_179784_H5MH5AFX5_metagenomic_mix_G11_FN106_GCTCATGA_TAAGGCTC_R2										0.14539717601804839	0.018025278664931605	0.018025278664931605	0.0	0.18921392518559632	0.0	0.0
13702_32540_179785_H5MH5AFX5_metagenomic_mix_H11_FN116_GCTCATGA_TCGCATAA_R1										0.2141982476252599	0.0	0.028938106008619877	0.0	0.0	0.0	0.0
13702_32540_179785_H5MH5AFX5_metagenomic_mix_H11_FN116_GCTCATGA_TCGCATAA_R2										0.2050033826413295	0.0	0.0470159444106927	0.0	0.18466957844734647	0.0	0.0
13702_32540_179786_H5MH5AFX5_metagenomic_mix_A12_FN131_ATCTCAGG_CTAGTCGA_R1										0.10584995748309037	0.01479241115889017	0.0	0.0	0.0	0.0	0.0
13702_32540_179786_H5MH5AFX5_metagenomic_mix_A12_FN131_ATCTCAGG_CTAGTCGA_R2										0.11381951244385134	0.005849913448072	0.02002851722899227	0.0	0.19750894217897327	0.0	0.0
13702_32540_179787_H5MH5AFX5_metagenomic_mix_B12_FN136_ATCTCAGG_AGCTAGAA_R1										0.030258537982872324	0.0	0.0	0.0	0.0	0.0	0.0
13702_32540_179787_H5MH5AFX5_metagenomic_mix_B12_FN136_ATCTCAGG_AGCTAGAA_R2										0.0309938840968924	0.0	0.016978883761423706	0.0	0.14967100055238206	0.0	0.0
13702_32540_179788_H5MH5AFX5_metagenomic_mix_C12_FN142_ATCTCAGG_ACTCTAGG_R1										0.07548396805451296	0.03701214277041905	0.05556390815904885	0.0	0.0	0.0	0.0
13702_32540_179788_H5MH5AFX5_metagenomic_mix_C12_FN142_ATCTCAGG_ACTCTAGG_R2										0.07305501285722411	0.02072732264510915	0.07560450726938492	0.0	0.1346819422975154	0.0	0.0
13702_32540_179789_H5MH5AFX5_metagenomic_mix_D12_FN144_ATCTCAGG_TCTTACGC_R1										0.14254096568479233	0.011412057276757244	0.0	0.0	0.0	0.0	0.0
13702_32540_179789_H5MH5AFX5_metagenomic_mix_D12_FN144_ATCTCAGG_TCTTACGC_R2										0.1235868430776914	0.004693033262620647	0.02128047841498672	0.0	0.26661283793681084	0.0	0.0
13702_32540_179790_H5MH5AFX5_metagenomic_mix_E12_FN150_ATCTCAGG_CTTAATAG_R1										0.22149226438405453	0.0	0.0	0.0	0.0	0.0	0.0
13702_32540_179790_H5MH5AFX5_metagenomic_mix_E12_FN150_ATCTCAGG_CTTAATAG_R2										0.18532697489238845	0.0	0.01988963485882484	0.0	0.173080004352299	0.0	0.0
13702_32540_179791_H5MH5AFX5_metagenomic_mix_F12_FN153_ATCTCAGG_ATAGCCTT_R1										0.5460607976058274	0.04252941837138134	0.011061944677404742	0.0	0.0	0.0	0.0
13702_32540_179791_H5MH5AFX5_metagenomic_mix_F12_FN153_ATCTCAGG_ATAGCCTT_R2										0.5613854332768253	0.05225041164089679	0.018883105644348735	0.0	0.13143070689958639	0.0	0.0
13702_32540_179792_H5MH5AFX5_metagenomic_mix_G12_FN174_ATCTCAGG_TAAGGCTC_R1										0.25799228206206626	0.016490747275018775	0.03574530694249879	0.0	0.0	0.0	0.0
13702_32540_179792_H5MH5AFX5_metagenomic_mix_G12_FN174_ATCTCAGG_TAAGGCTC_R2										0.2772222973138659	0.028530025134896896	0.03230335103983487	0.0	0.191795394777823	0.0	0.0
13702_32540_179793_H5MH5AFX5_metagenomic_mix_H12_FN176_ATCTCAGG_TCGCATAA_R1										0.29579382595285886	0.03252612613353909	0.0	0.0	0.0	0.0	0.0
13702_32540_179793_H5MH5AFX5_metagenomic_mix_H12_FN176_ATCTCAGG_TCGCATAA_R2										0.2488848479105013	0.04590059433433755	0.018360237733735015	0.0	0.1695988061845014	0.0	0.0
