Sample	FastQC_mqc-generalstats-fastqc-percent_duplicates	FastQC_mqc-generalstats-fastqc-percent_gc	FastQC_mqc-generalstats-fastqc-avg_sequence_length	FastQC_mqc-generalstats-fastqc-median_sequence_length	FastQC_mqc-generalstats-fastqc-percent_fails	FastQC_mqc-generalstats-fastqc-total_sequences
13702_32540_179738_H5MH5AFX5_metagenomic_mix_A06_22FN006_TAGGCATG_CTAGTCGA_R1	12.404010374783638	38.0	151.0	151	9.090909090909092	2284197.0
13702_32540_179738_H5MH5AFX5_metagenomic_mix_A06_22FN006_TAGGCATG_CTAGTCGA_R2	12.362839978079037	38.0	151.0	151	9.090909090909092	2284197.0
13702_32540_179739_H5MH5AFX5_metagenomic_mix_B06_22FN059_TAGGCATG_AGCTAGAA_R1	8.798469584434486	38.0	151.0	151	9.090909090909092	2300402.0
13702_32540_179739_H5MH5AFX5_metagenomic_mix_B06_22FN059_TAGGCATG_AGCTAGAA_R2	8.765511519405479	38.0	151.0	151	9.090909090909092	2300402.0
13702_32540_179740_H5MH5AFX5_metagenomic_mix_C06_22FN068_TAGGCATG_ACTCTAGG_R1	1.9660430889263267	40.0	151.0	151	18.181818181818183	45116.0
13702_32540_179740_H5MH5AFX5_metagenomic_mix_C06_22FN068_TAGGCATG_ACTCTAGG_R2	2.1899104530543383	40.0	151.0	151	18.181818181818183	45116.0
13702_32540_179741_H5MH5AFX5_metagenomic_mix_D06_FN051_TAGGCATG_TCTTACGC_R1	10.382332430630981	37.0	151.0	151	9.090909090909092	1573968.0
13702_32540_179741_H5MH5AFX5_metagenomic_mix_D06_FN051_TAGGCATG_TCTTACGC_R2	10.349533891915769	37.0	151.0	151	9.090909090909092	1573968.0
13702_32540_179742_H5MH5AFX5_metagenomic_mix_E06_FN053_TAGGCATG_CTTAATAG_R1	9.016449372317794	46.0	151.0	151	9.090909090909092	1477424.0
13702_32540_179742_H5MH5AFX5_metagenomic_mix_E06_FN053_TAGGCATG_CTTAATAG_R2	9.05862705381044	46.0	151.0	151	18.181818181818183	1477424.0
13702_32540_179743_H5MH5AFX5_metagenomic_mix_F06_FN075_TAGGCATG_ATAGCCTT_R1	7.9481880008846275	40.0	151.0	151	9.090909090909092	1582211.0
13702_32540_179743_H5MH5AFX5_metagenomic_mix_F06_FN075_TAGGCATG_ATAGCCTT_R2	8.07385458341001	41.0	151.0	151	9.090909090909092	1582211.0
13702_32540_179744_H5MH5AFX5_metagenomic_mix_G06_FN118_TAGGCATG_TAAGGCTC_R1	10.092061848965201	44.0	151.0	151	9.090909090909092	1551776.0
13702_32540_179744_H5MH5AFX5_metagenomic_mix_G06_FN118_TAGGCATG_TAAGGCTC_R2	10.14974419365717	44.0	151.0	151	18.181818181818183	1551776.0
13702_32540_179745_H5MH5AFX5_metagenomic_mix_H06_FN128_TAGGCATG_TCGCATAA_R1	8.337486625574826	38.0	151.0	151	9.090909090909092	1891521.0
13702_32540_179745_H5MH5AFX5_metagenomic_mix_H06_FN128_TAGGCATG_TCGCATAA_R2	8.330646741285463	38.0	151.0	151	9.090909090909092	1891521.0
13702_32540_179746_H5MH5AFX5_metagenomic_mix_A07_FN140_CTCTCTAC_CTAGTCGA_R1	1.5812431842966248	38.0	151.0	151	9.090909090909092	1834.0
13702_32540_179746_H5MH5AFX5_metagenomic_mix_A07_FN140_CTCTCTAC_CTAGTCGA_R2	1.5267175572519136	38.0	151.0	151	9.090909090909092	1834.0
13702_32540_179747_H5MH5AFX5_metagenomic_mix_B07_22FN008_CTCTCTAC_AGCTAGAA_R1	7.414308747177984	38.0	151.0	151	9.090909090909092	808558.0
13702_32540_179747_H5MH5AFX5_metagenomic_mix_B07_22FN008_CTCTCTAC_AGCTAGAA_R2	7.448225937448541	38.0	151.0	151	9.090909090909092	808558.0
13702_32540_179748_H5MH5AFX5_metagenomic_mix_C07_22FN018_CTCTCTAC_ACTCTAGG_R1	5.315230238574898	41.0	151.0	151	9.090909090909092	968165.0
13702_32540_179748_H5MH5AFX5_metagenomic_mix_C07_22FN018_CTCTCTAC_ACTCTAGG_R2	5.403916193838427	41.0	151.0	151	9.090909090909092	968165.0
13702_32540_179749_H5MH5AFX5_metagenomic_mix_D07_22FN020_CTCTCTAC_TCTTACGC_R1	7.44307751164547	36.0	151.0	151	9.090909090909092	1292116.0
13702_32540_179749_H5MH5AFX5_metagenomic_mix_D07_22FN020_CTCTCTAC_TCTTACGC_R2	7.366069360055974	36.0	151.0	151	9.090909090909092	1292116.0
13702_32540_179750_H5MH5AFX5_metagenomic_mix_E07_22FN021_CTCTCTAC_CTTAATAG_R1	9.22341010249616	37.0	151.0	151	9.090909090909092	1335465.0
13702_32540_179750_H5MH5AFX5_metagenomic_mix_E07_22FN021_CTCTCTAC_CTTAATAG_R2	9.250254833820549	37.0	151.0	151	9.090909090909092	1335465.0
13702_32540_179751_H5MH5AFX5_metagenomic_mix_F07_22FN025_CTCTCTAC_ATAGCCTT_R1	7.414673078321272	36.0	151.0	151	9.090909090909092	1177162.0
13702_32540_179751_H5MH5AFX5_metagenomic_mix_F07_22FN025_CTCTCTAC_ATAGCCTT_R2	7.495636068270812	36.0	151.0	151	9.090909090909092	1177162.0
13702_32540_179752_H5MH5AFX5_metagenomic_mix_G07_22FN028_CTCTCTAC_TAAGGCTC_R1	6.753263458296104	36.0	151.0	151	9.090909090909092	1139500.0
13702_32540_179752_H5MH5AFX5_metagenomic_mix_G07_22FN028_CTCTCTAC_TAAGGCTC_R2	6.8823439949016745	36.0	151.0	151	9.090909090909092	1139500.0
13702_32540_179753_H5MH5AFX5_metagenomic_mix_H07_22FN029_CTCTCTAC_TCGCATAA_R1	10.65360866964491	39.0	151.0	151	9.090909090909092	1023213.0
13702_32540_179753_H5MH5AFX5_metagenomic_mix_H07_22FN029_CTCTCTAC_TCGCATAA_R2	10.59866385483862	39.0	151.0	151	9.090909090909092	1023213.0
13702_32540_179754_H5MH5AFX5_metagenomic_mix_A08_22FN031_CGAGGCTG_CTAGTCGA_R1	7.4457913328332666	38.0	151.0	151	9.090909090909092	1156012.0
13702_32540_179754_H5MH5AFX5_metagenomic_mix_A08_22FN031_CGAGGCTG_CTAGTCGA_R2	7.3689228354527785	38.0	151.0	151	9.090909090909092	1156012.0
13702_32540_179755_H5MH5AFX5_metagenomic_mix_B08_22FN038_CGAGGCTG_AGCTAGAA_R1	5.565841455897811	36.0	151.0	151	9.090909090909092	1156820.0
13702_32540_179755_H5MH5AFX5_metagenomic_mix_B08_22FN038_CGAGGCTG_AGCTAGAA_R2	5.527025719735647	36.0	151.0	151	9.090909090909092	1156820.0
13702_32540_179756_H5MH5AFX5_metagenomic_mix_C08_22FN039_CGAGGCTG_ACTCTAGG_R1	14.206118066255385	46.0	151.0	151	9.090909090909092	1490940.0
13702_32540_179756_H5MH5AFX5_metagenomic_mix_C08_22FN039_CGAGGCTG_ACTCTAGG_R2	14.143116571404562	46.0	151.0	151	18.181818181818183	1490940.0
13702_32540_179757_H5MH5AFX5_metagenomic_mix_D08_22FN057_CGAGGCTG_TCTTACGC_R1	29.182393158586535	43.0	151.0	151	0.0	1307418.0
13702_32540_179757_H5MH5AFX5_metagenomic_mix_D08_22FN057_CGAGGCTG_TCTTACGC_R2	28.68500516605077	43.0	151.0	151	9.090909090909092	1307418.0
13702_32540_179758_H5MH5AFX5_metagenomic_mix_E08_22FN058_CGAGGCTG_CTTAATAG_R1	11.504341590763858	43.0	151.0	151	9.090909090909092	1460460.0
13702_32540_179758_H5MH5AFX5_metagenomic_mix_E08_22FN058_CGAGGCTG_CTTAATAG_R2	11.363658311976437	42.0	151.0	151	9.090909090909092	1460460.0
13702_32540_179759_H5MH5AFX5_metagenomic_mix_F08_22FN061_CGAGGCTG_ATAGCCTT_R1	12.462565647183595	36.0	151.0	151	9.090909090909092	1198914.0
13702_32540_179759_H5MH5AFX5_metagenomic_mix_F08_22FN061_CGAGGCTG_ATAGCCTT_R2	12.359834577492776	36.0	151.0	151	9.090909090909092	1198914.0
13702_32540_179760_H5MH5AFX5_metagenomic_mix_G08_22FN062_CGAGGCTG_TAAGGCTC_R1	4.938550596334196	38.0	151.0	151	9.090909090909092	948527.0
13702_32540_179760_H5MH5AFX5_metagenomic_mix_G08_22FN062_CGAGGCTG_TAAGGCTC_R2	4.9637021803110315	38.0	151.0	151	9.090909090909092	948527.0
13702_32540_179761_H5MH5AFX5_metagenomic_mix_H08_22FN063_CGAGGCTG_TCGCATAA_R1	8.70804600622796	39.0	151.0	151	9.090909090909092	1077963.0
13702_32540_179761_H5MH5AFX5_metagenomic_mix_H08_22FN063_CGAGGCTG_TCGCATAA_R2	8.500569836804445	39.0	151.0	151	9.090909090909092	1077963.0
13702_32540_179762_H5MH5AFX5_metagenomic_mix_A09_22FN064_AAGAGGCA_CTAGTCGA_R1	11.538283754101641	36.0	151.0	151	9.090909090909092	1324377.0
13702_32540_179762_H5MH5AFX5_metagenomic_mix_A09_22FN064_AAGAGGCA_CTAGTCGA_R2	11.380811009215549	36.0	151.0	151	9.090909090909092	1324377.0
13702_32540_179763_H5MH5AFX5_metagenomic_mix_B09_22FN065_AAGAGGCA_AGCTAGAA_R1	14.003625822054858	39.0	151.0	151	9.090909090909092	1178246.0
13702_32540_179763_H5MH5AFX5_metagenomic_mix_B09_22FN065_AAGAGGCA_AGCTAGAA_R2	13.803734684818139	39.0	151.0	151	9.090909090909092	1178246.0
13702_32540_179764_H5MH5AFX5_metagenomic_mix_C09_22FN066_AAGAGGCA_ACTCTAGG_R1	11.13511059458186	39.0	151.0	151	9.090909090909092	1243165.0
13702_32540_179764_H5MH5AFX5_metagenomic_mix_C09_22FN066_AAGAGGCA_ACTCTAGG_R2	11.098848542495489	39.0	151.0	151	9.090909090909092	1243165.0
13702_32540_179765_H5MH5AFX5_metagenomic_mix_D09_22FN070_AAGAGGCA_TCTTACGC_R1	6.9696099685621675	42.0	151.0	151	9.090909090909092	932135.0
13702_32540_179765_H5MH5AFX5_metagenomic_mix_D09_22FN070_AAGAGGCA_TCTTACGC_R2	6.783047748067645	42.0	151.0	151	9.090909090909092	932135.0
13702_32540_179766_H5MH5AFX5_metagenomic_mix_E09_22FN071_AAGAGGCA_CTTAATAG_R1	6.609151318576323	49.0	151.0	151	9.090909090909092	944406.0
13702_32540_179766_H5MH5AFX5_metagenomic_mix_E09_22FN071_AAGAGGCA_CTTAATAG_R2	6.524438006502805	49.0	151.0	151	9.090909090909092	944406.0
13702_32540_179767_H5MH5AFX5_metagenomic_mix_F09_22FN072_AAGAGGCA_ATAGCCTT_R1	9.937826912292735	38.0	151.0	151	9.090909090909092	1503331.0
13702_32540_179767_H5MH5AFX5_metagenomic_mix_F09_22FN072_AAGAGGCA_ATAGCCTT_R2	9.864880823287038	38.0	151.0	151	9.090909090909092	1503331.0
13702_32540_179768_H5MH5AFX5_metagenomic_mix_G09_22FN073_AAGAGGCA_TAAGGCTC_R1	12.759851170010549	36.0	151.0	151	9.090909090909092	1255012.0
13702_32540_179768_H5MH5AFX5_metagenomic_mix_G09_22FN073_AAGAGGCA_TAAGGCTC_R2	12.753863976096426	36.0	151.0	151	9.090909090909092	1255012.0
13702_32540_179769_H5MH5AFX5_metagenomic_mix_H09_22FN081_AAGAGGCA_TCGCATAA_R1	8.009428307031769	39.0	151.0	151	9.090909090909092	1021503.0
13702_32540_179769_H5MH5AFX5_metagenomic_mix_H09_22FN081_AAGAGGCA_TCGCATAA_R2	7.899229773481892	39.0	151.0	151	9.090909090909092	1021503.0
13702_32540_179770_H5MH5AFX5_metagenomic_mix_A10_22FN082_GTAGAGGA_CTAGTCGA_R1	13.477386290340064	45.0	151.0	151	9.090909090909092	1353590.0
13702_32540_179770_H5MH5AFX5_metagenomic_mix_A10_22FN082_GTAGAGGA_CTAGTCGA_R2	13.541196826835574	45.0	151.0	151	18.181818181818183	1353590.0
13702_32540_179771_H5MH5AFX5_metagenomic_mix_B10_22FN083_GTAGAGGA_AGCTAGAA_R1	26.142901392470293	44.0	151.0	151	18.181818181818183	1630723.0
13702_32540_179771_H5MH5AFX5_metagenomic_mix_B10_22FN083_GTAGAGGA_AGCTAGAA_R2	26.222915618791305	44.0	151.0	151	18.181818181818183	1630723.0
13702_32540_179772_H5MH5AFX5_metagenomic_mix_C10_22FN093_GTAGAGGA_ACTCTAGG_R1	10.313503854586571	43.0	151.0	151	9.090909090909092	1204539.0
13702_32540_179772_H5MH5AFX5_metagenomic_mix_C10_22FN093_GTAGAGGA_ACTCTAGG_R2	10.29131450394479	43.0	151.0	151	9.090909090909092	1204539.0
13702_32540_179773_H5MH5AFX5_metagenomic_mix_D10_22FN096_GTAGAGGA_TCTTACGC_R1	7.215747366705955	38.0	151.0	151	9.090909090909092	1300806.0
13702_32540_179773_H5MH5AFX5_metagenomic_mix_D10_22FN096_GTAGAGGA_TCTTACGC_R2	7.124212100647682	38.0	151.0	151	9.090909090909092	1300806.0
13702_32540_179774_H5MH5AFX5_metagenomic_mix_E10_22FN098_GTAGAGGA_CTTAATAG_R1	13.101621215844688	43.0	151.0	151	18.181818181818183	1180911.0
13702_32540_179774_H5MH5AFX5_metagenomic_mix_E10_22FN098_GTAGAGGA_CTTAATAG_R2	13.163053963914933	42.0	151.0	151	18.181818181818183	1180911.0
13702_32540_179775_H5MH5AFX5_metagenomic_mix_F10_22FN100_GTAGAGGA_ATAGCCTT_R1	11.028931719485925	46.0	151.0	151	9.090909090909092	1312489.0
13702_32540_179775_H5MH5AFX5_metagenomic_mix_F10_22FN100_GTAGAGGA_ATAGCCTT_R2	10.88553010575886	46.0	151.0	151	18.181818181818183	1312489.0
13702_32540_179776_H5MH5AFX5_metagenomic_mix_G10_22FN102_GTAGAGGA_TAAGGCTC_R1	11.22966395530247	40.0	151.0	151	18.181818181818183	1117123.0
13702_32540_179776_H5MH5AFX5_metagenomic_mix_G10_22FN102_GTAGAGGA_TAAGGCTC_R2	11.490553757117212	40.0	151.0	151	18.181818181818183	1117123.0
13702_32540_179777_H5MH5AFX5_metagenomic_mix_H10_22FN103_GTAGAGGA_TCGCATAA_R1	7.597084953024989	35.0	151.0	151	9.090909090909092	1256812.0
13702_32540_179777_H5MH5AFX5_metagenomic_mix_H10_22FN103_GTAGAGGA_TCGCATAA_R2	7.491651653393191	35.0	151.0	151	9.090909090909092	1256812.0
13702_32540_179778_H5MH5AFX5_metagenomic_mix_A11_FN011_GCTCATGA_CTAGTCGA_R1	6.874416117690657	40.0	151.0	151	9.090909090909092	1065913.0
13702_32540_179778_H5MH5AFX5_metagenomic_mix_A11_FN011_GCTCATGA_CTAGTCGA_R2	6.874792279002989	40.0	151.0	151	9.090909090909092	1065913.0
13702_32540_179779_H5MH5AFX5_metagenomic_mix_B11_FN021_GCTCATGA_AGCTAGAA_R1	7.1186506170785435	40.0	151.0	151	9.090909090909092	906638.0
13702_32540_179779_H5MH5AFX5_metagenomic_mix_B11_FN021_GCTCATGA_AGCTAGAA_R2	7.080309562983004	40.0	151.0	151	9.090909090909092	906638.0
13702_32540_179780_H5MH5AFX5_metagenomic_mix_C11_FN026_GCTCATGA_ACTCTAGG_R1	9.641634187177942	39.0	151.0	151	9.090909090909092	1061428.0
13702_32540_179780_H5MH5AFX5_metagenomic_mix_C11_FN026_GCTCATGA_ACTCTAGG_R2	9.561037426012277	39.0	151.0	151	9.090909090909092	1061428.0
13702_32540_179781_H5MH5AFX5_metagenomic_mix_D11_FN030_GCTCATGA_TCTTACGC_R1	6.037552571297994	39.0	151.0	151	9.090909090909092	751781.0
13702_32540_179781_H5MH5AFX5_metagenomic_mix_D11_FN030_GCTCATGA_TCTTACGC_R2	6.0434068718810465	39.0	151.0	151	9.090909090909092	751781.0
13702_32540_179782_H5MH5AFX5_metagenomic_mix_E11_FN054_GCTCATGA_CTTAATAG_R1	6.665035996648044	39.0	151.0	151	9.090909090909092	911458.0
13702_32540_179782_H5MH5AFX5_metagenomic_mix_E11_FN054_GCTCATGA_CTTAATAG_R2	6.674318458421425	39.0	151.0	151	9.090909090909092	911458.0
13702_32540_179783_H5MH5AFX5_metagenomic_mix_F11_FN062_GCTCATGA_ATAGCCTT_R1	0.0	38.0	151.0	151	36.36363636363637	61.0
13702_32540_179783_H5MH5AFX5_metagenomic_mix_F11_FN062_GCTCATGA_ATAGCCTT_R2	0.0	35.0	151.0	151	36.36363636363637	61.0
13702_32540_179784_H5MH5AFX5_metagenomic_mix_G11_FN106_GCTCATGA_TAAGGCTC_R1	6.222979702973447	37.0	151.0	151	9.090909090909092	979491.0
13702_32540_179784_H5MH5AFX5_metagenomic_mix_G11_FN106_GCTCATGA_TAAGGCTC_R2	6.272474092167357	37.0	151.0	151	9.090909090909092	979491.0
13702_32540_179785_H5MH5AFX5_metagenomic_mix_H11_FN116_GCTCATGA_TCGCATAA_R1	5.723073575315269	42.0	151.0	151	9.090909090909092	802047.0
13702_32540_179785_H5MH5AFX5_metagenomic_mix_H11_FN116_GCTCATGA_TCGCATAA_R2	5.759730429719355	42.0	151.0	151	9.090909090909092	802047.0
13702_32540_179786_H5MH5AFX5_metagenomic_mix_A12_FN131_ATCTCAGG_CTAGTCGA_R1	5.334001283525254	36.0	151.0	151	9.090909090909092	1016562.0
13702_32540_179786_H5MH5AFX5_metagenomic_mix_A12_FN131_ATCTCAGG_CTAGTCGA_R2	5.431226728379983	36.0	151.0	151	9.090909090909092	1016562.0
13702_32540_179787_H5MH5AFX5_metagenomic_mix_B12_FN136_ATCTCAGG_AGCTAGAA_R1	8.845846225095215	45.0	151.0	151	9.090909090909092	705791.0
13702_32540_179787_H5MH5AFX5_metagenomic_mix_B12_FN136_ATCTCAGG_AGCTAGAA_R2	8.741548138565278	45.0	151.0	151	9.090909090909092	705791.0
13702_32540_179788_H5MH5AFX5_metagenomic_mix_C12_FN142_ATCTCAGG_ACTCTAGG_R1	6.146443054951305	35.0	151.0	151	9.090909090909092	1104876.0
13702_32540_179788_H5MH5AFX5_metagenomic_mix_C12_FN142_ATCTCAGG_ACTCTAGG_R2	6.182210469995425	35.0	151.0	151	9.090909090909092	1104876.0
13702_32540_179789_H5MH5AFX5_metagenomic_mix_D12_FN144_ATCTCAGG_TCTTACGC_R1	19.96279635797059	44.0	151.0	151	9.090909090909092	1246152.0
13702_32540_179789_H5MH5AFX5_metagenomic_mix_D12_FN144_ATCTCAGG_TCTTACGC_R2	19.484836686368823	44.0	151.0	151	9.090909090909092	1246152.0
13702_32540_179790_H5MH5AFX5_metagenomic_mix_E12_FN150_ATCTCAGG_CTTAATAG_R1	12.9000951973035	37.0	151.0	151	9.090909090909092	1004715.0
13702_32540_179790_H5MH5AFX5_metagenomic_mix_E12_FN150_ATCTCAGG_CTTAATAG_R2	12.741021052748422	37.0	151.0	151	9.090909090909092	1004715.0
13702_32540_179791_H5MH5AFX5_metagenomic_mix_F12_FN153_ATCTCAGG_ATAGCCTT_R1	9.92884780893047	36.0	151.0	151	9.090909090909092	939665.0
13702_32540_179791_H5MH5AFX5_metagenomic_mix_F12_FN153_ATCTCAGG_ATAGCCTT_R2	9.845467419990968	36.0	151.0	151	9.090909090909092	939665.0
13702_32540_179792_H5MH5AFX5_metagenomic_mix_G12_FN174_ATCTCAGG_TAAGGCTC_R1	8.405038465724928	40.0	151.0	151	9.090909090909092	1096304.0
13702_32540_179792_H5MH5AFX5_metagenomic_mix_G12_FN174_ATCTCAGG_TAAGGCTC_R2	8.532661290413685	40.0	151.0	151	9.090909090909092	1096304.0
13702_32540_179793_H5MH5AFX5_metagenomic_mix_H12_FN176_ATCTCAGG_TCGCATAA_R1	7.562242346083011	39.0	151.0	151	9.090909090909092	647557.0
13702_32540_179793_H5MH5AFX5_metagenomic_mix_H12_FN176_ATCTCAGG_TCGCATAA_R2	7.501180066329667	39.0	151.0	151	9.090909090909092	647557.0
