SCC474reference_NZ_VTDT01000001.1
1 204660
SCC474reference_NZ_VTDT01000007.1
1 11270
SCC474reference_NZ_VTDT01000008.1
1 116886
SCC474reference_NZ_VTDT01000055.1
1 4378
SCC474reference_NZ_VTDT01000056.1
1 4787
SCC474reference_NZ_VTDT01000057.1
1 3161
SCC474reference_NZ_VTDT01000058.1
1 2860
SCC474reference_NZ_VTDT01000059.1
1 2668
SCC474reference_NZ_VTDT01000060.1
1 2592
SCC474reference_NZ_VTDT01000061.1
1 2297
SCC474reference_NZ_VTDT01000062.1
1 2194
SCC474reference_NZ_VTDT01000063.1
1 2132
SCC474reference_NZ_VTDT01000064.1
1 2066
SCC474reference_NZ_VTDT01000065.1
1 2058
SCC474reference_NZ_VTDT01000009.1
1 122479
SCC474reference_NZ_VTDT01000066.1
1 1968
SCC474reference_NZ_VTDT01000067.1
1 1950
SCC474reference_NZ_VTDT01000068.1
1 1844
SCC474reference_NZ_VTDT01000069.1
1 1842
SCC474reference_NZ_VTDT01000070.1
1 1768
SCC474reference_NZ_VTDT01000071.1
1 1723
SCC474reference_NZ_VTDT01000072.1
1 1570
SCC474reference_NZ_VTDT01000073.1
1 1555
SCC474reference_NZ_VTDT01000074.1
1 1534
SCC474reference_NZ_VTDT01000075.1
1 1807
SCC474reference_NZ_VTDT01000010.1
1 47938
48626 119227
SCC474reference_NZ_VTDT01000076.1
1 1466
SCC474reference_NZ_VTDT01000077.1
1 1373
SCC474reference_NZ_VTDT01000078.1
1 1305
SCC474reference_NZ_VTDT01000079.1
1 1215
SCC474reference_NZ_VTDT01000080.1
1 1078
SCC474reference_NZ_VTDT01000011.1
1 111144
SCC474reference_NZ_VTDT01000081.1
1 695
SCC474reference_NZ_VTDT01000082.1
1 633
SCC474reference_NZ_VTDT01000012.1
1 24716
25383 96576
SCC474reference_NZ_VTDT01000083.1
1 238
423 600
SCC474reference_NZ_VTDT01000084.1
1 550
SCC474reference_NZ_VTDT01000002.1
1 166418
SCC474reference_NZ_VTDT01000013.1
1 96365
SCC474reference_NZ_VTDT01000014.1
1 34327
34920 34972
36220 39180
39930 44789
45395 51945
52663 52813
53560 55089
55660 56729
57325 58441
59015 64740
65716 94584
SCC474reference_NZ_VTDT01000085.1
1 421
SCC474reference_NZ_VTDT01000015.1
1 25136
SCC474reference_NZ_VTDT01000016.1
1 52386
53417 58424
SCC474reference_NZ_VTDT01000086.1
1 404
SCC474reference_NZ_VTDT01000087.1
1 89
SCC474reference_NZ_VTDT01000017.1
1 76538
SCC474reference_NZ_VTDT01000018.1
1 4129
4932 68237
SCC474reference_NZ_VTDT01000019.1
1 90
1422 60396
SCC474reference_NZ_VTDT01000020.1
1 32123
33300 46394
SCC474reference_NZ_VTDT01000021.1
1 44141
SCC474reference_NZ_VTDT01000022.1
1 43917
SCC474reference_NZ_VTDT01000023.1
1 42943
SCC474reference_NZ_VTDT01000024.1
1 42893
SCC474reference_NZ_VTDT01000003.1
1 49346
49735 49949
50057 166041
SCC474reference_NZ_VTDT01000025.1
1 38835
SCC474reference_NZ_VTDT01000026.1
1 22304
SCC474reference_NZ_VTDT01000027.1
1 14238
SCC474reference_NZ_VTDT01000028.1
1 28447
SCC474reference_NZ_VTDT01000029.1
1 1983
2694 26990
SCC474reference_NZ_VTDT01000030.1
1 14803
15365 24870
SCC474reference_NZ_VTDT01000031.1
1 24316
SCC474reference_NZ_VTDT01000032.1
1 24098
SCC474reference_NZ_VTDT01000033.1
1 23904
SCC474reference_NZ_VTDT01000034.1
1 23275
SCC474reference_NZ_VTDT01000035.1
1 22062
SCC474reference_NZ_VTDT01000004.1
1 50908
SCC474reference_NZ_VTDT01000005.1
1 57261
58655 101448
SCC474reference_NZ_VTDT01000036.1
1 20015
SCC474reference_NZ_VTDT01000037.1
1 17893
SCC474reference_NZ_VTDT01000038.1
1 16843
SCC474reference_NZ_VTDT01000039.1
1 16073
SCC474reference_NZ_VTDT01000040.1
1 15407
SCC474reference_NZ_VTDT01000041.1
1 15358
SCC474reference_NZ_VTDT01000042.1
1 682
857 12510
SCC474reference_NZ_VTDT01000043.1
1 11887
SCC474reference_NZ_VTDT01000044.1
1 1473
2033 2428
4076 8904
9142 11326
SCC474reference_NZ_VTDT01000045.1
1 11193
SCC474reference_NZ_VTDT01000006.1
1 151043
SCC474reference_NZ_VTDT01000046.1
1 9940
SCC474reference_NZ_VTDT01000047.1
1 10065
SCC474reference_NZ_VTDT01000048.1
1 8924
SCC474reference_NZ_VTDT01000049.1
1 8358
SCC474reference_NZ_VTDT01000050.1
1 7120
SCC474reference_NZ_VTDT01000051.1
1 6210
SCC474reference_NZ_VTDT01000052.1
1 183
744 5755
SCC474reference_NZ_VTDT01000053.1
1 4581
SCC474reference_NZ_VTDT01000054.1
1 4410
