EC24_NZ_VTDO01000001.1
1 452258
452910 468575
469075 744468
EC24_NZ_VTDO01000007.1
1 106465
EC24_NZ_VTDO01000008.1
1 87031
EC24_NZ_VTDO01000009.1
1 86981
EC24_NZ_VTDO01000010.1
1 82042
EC24_NZ_VTDO01000011.1
1 54764
EC24_NZ_VTDO01000002.1
1 427710
EC24_NZ_VTDO01000012.1
1 45190
EC24_NZ_VTDO01000013.1
1 38226
EC24_NZ_VTDO01000014.1
1 29633
EC24_NZ_VTDO01000015.1
1 5308
EC24_NZ_VTDO01000016.1
1 4408
EC24_NZ_VTDO01000017.1
1 1204
EC24_NZ_VTDO01000003.1
1 199668
199769 399635
EC24_NZ_VTDO01000004.1
1 236716
237680 256196
256832 302413
EC24_NZ_VTDO01000005.1
1 174311
EC24_NZ_VTDO01000006.1
1 93960
95208 97418
97982 98168
98918 100540
101169 103771
104377 111788
112535 114059
114631 164763
